['back_sash_01_mover', -21.68566024200807, 34.897543734867895, 42.6635817195409, -80.66001344645257, 7.0185204739215e-08, 11.818134423042444, 0.5015812814677504, 0.5015812814677504, 0.5015812814677504]
['back_sash_02_mover', -8.885562863270025e-08, 74.34653753562179, -1.9895196601282805e-13, -9.487971941641616, 0.0, 0.0, 1.0, 1.0, 1.0]
['back_sash_03_mover', -8.885566415983703e-08, 74.34653753562145, -5.684341886080802e-14, 0.0, 0.0, 0.0, 1.0, 1.0, 1.0]
['ball_mover_l', 3.785849034043297, -3.4874775443139128, 0.12276394382568157, 0.004265576649957786, 0.3287579423177444, -1.8835729017625074, 1.0, 1.0, 1.0]
['ball_mover_r', -3.785849094390869, 3.4874775409698486, -0.12276394665241241, 0.004265576649957786, 0.3287579423177444, -1.8835729017625074, 1.0, 1.0, 1.0]
['bigtoe_distal_phalange_mover_l', -1.2079226507921703e-13, -4.884981308350689e-14, 9.947598300641403e-14, 0.0, 0.0, -1.5902773407317584e-15, 1.0, 1.0, 1.0]
['bigtoe_distal_phalange_mover_r', -0.0, -0.0, -0.0, 0.0, 0.0, -1.5902773407317584e-15, 1.0, 1.0, 1.0]
['bigtoe_metatarsal_mover_l', 5.795364188543317e-14, 7.460698725481052e-14, -2.1316282072803006e-14, -1.6648215910785593e-14, 3.611668929302517e-14, 1.011316996371602e-14, 1.0, 1.0, 1.0]
['bigtoe_metatarsal_mover_r', -5.795364188543317e-14, -7.460698725481052e-14, 2.1316282072803006e-14, -1.6648215910785593e-14, 3.611668929302517e-14, 1.011316996371602e-14, 1.0, 1.0, 1.0]
['bigtoe_proximal_phalange_mover_l', 1.8829382497642655e-13, 1.0658141036401503e-14, 5.3290705182007514e-14, 1.361674973001568e-14, 7.156248033292914e-15, 6.858071031905709e-15, 1.0, 1.0, 1.0]
['bigtoe_proximal_phalange_mover_r', -0.0, -0.0, -0.0, 1.361674973001568e-14, 7.156248033292914e-15, 6.858071031905709e-15, 1.0, 1.0, 1.0]
['bracelet_A_l_mover', 30.794669729291883, -11.804891524380766, -54.8334800353, 18.410220001320223, 51.285947313036885, -9.28340324192679, 1.216327890208136, 1.216327890208136, 1.216327890208136]
['bracelet_B_l_mover', 34.23554834933819, -10.383775105484235, -68.29621797963125, 19.6836873401294, 48.956997143081566, -7.6612554178788175, 1.216327890208136, 1.216327890208136, 1.216327890208136]
['bracelet_C_l_mover', 40.81555990980124, -10.062767628166968, -79.50801584206204, 19.87839441811396, 50.874381039262126, -7.3964314185393505, 1.216327890208136, 1.216327890208136, 1.216327890208136]
['calf_mover_l', -5.884592862287761, -0.8507550504509958, -0.07778442945299346, 0.025854875074445102, -0.7510088321204047, 2.141252929034093, 1.0, 1.0, 1.0]
['calf_mover_r', 5.8845930099487305, 0.8507550358772278, 0.07778442651033401, 0.025854875074445102, -0.7510088321204047, 2.141252929034093, 1.0, 1.0, 1.0]
['calf_twist_01_mover_l', 2.1316282072803006e-14, 1.0658141036401503e-14, -1.4210854715202004e-14, 0.0, 0.0, 0.0, 1.0, 1.0, 1.0]
['calf_twist_01_mover_r', -2.1316282072803006e-14, -1.0658141036401503e-14, 1.4210854715202004e-14, 0.0, 0.0, 0.0, 1.0, 1.0, 1.0]
['clavicle_mover_l', 1.8774088475952562, -16.593852451947264, -4.685610487532813, 1.487054807041826, -2.761775307106079, 29.13122214303769, 1.0, 1.0, 1.0]
['clavicle_mover_r', -1.8774088621139526, 16.593852996826172, 4.685610294342041, 1.487054807041826, -2.761775307106079, 29.13122214303769, 1.0, 1.0, 1.0]
['eyeball_l_mover', 7.2081894343656705, -17.16465607011007, 11.328697848814727, -3.460130281352586e-07, -1.912991825695247e-14, -3.876300960270236e-15, 0.29169366823774445, 0.29169366823774445, 0.29169366823774445]
['eyeball_r_mover', -7.208189487457275, 17.164655685424805, -11.32869815826416, -3.460130244548054e-07, -1.912991893528431e-14, -3.876301016958851e-15, 0.29169366823774445, 0.29169366823774445, 0.29169366823774445]
['eyebrow_in_l_mover', 4.533998891275338, -23.983736845402493, 15.059365286308548, -6.47257080587072, -0.6149542260330451, 5.723897333405648, 0.30288627288612163, 0.30288627288612163, 0.30288627288612163]
['eyebrow_in_r_mover', -4.533998966217041, 23.983736038208008, -15.059365272521973, -6.472570896148682, -0.6149542331695557, 5.723897457122803, 0.30288627288612163, 0.30288627288612163, 0.30288627288612163]
['eyebrow_out_l_mover', 11.197899466741749, -20.625121815219522, 15.343057807719163, -16.566637057361397, 8.87851909529867, 46.86822661275029, 0.30288627288612163, 0.30288627288612163, 0.30288627288612163]
['eyebrow_out_r_mover', -11.19789981842041, 20.6251220703125, -15.343057632446289, -16.56663703918457, 8.878519058227539, 46.86822509765625, 0.30288627288612163, 0.30288627288612163, 0.30288627288612163]
['eyelid_bott_l_mover', 7.2081894343656705, -17.16465607031727, 11.294387776108053, -3.460130281352586e-07, -1.912991825695247e-14, -3.876300960270236e-15, 0.29169366823774445, 0.29169366823774445, 0.29169366823774445]
['eyelid_bott_r_mover', -7.208189487457275, 17.164655685424805, -11.294387817382812, -3.460130244548054e-07, -1.912991893528431e-14, -3.876301016958851e-15, 0.29169366823774445, 0.29169366823774445, 0.29169366823774445]
['eyelid_top_l_mover', 7.2081894343656705, -17.16465606989466, 11.364367399789769, -3.460130281352586e-07, -1.912991825695247e-14, -3.876300960270236e-15, 0.29169366823774445, 0.29169366823774445, 0.29169366823774445]
['eyelid_top_r_mover', -7.208189487457275, 17.164655685424805, -11.364367485046387, -3.460130244548054e-07, -1.912991893528431e-14, -3.876301016958851e-15, 0.29169366823774445, 0.29169366823774445, 0.29169366823774445]
['foot_mover_l', -8.884148190112317, 1.2811802859008559, -0.14858831807782025, -9.316246820067205, 4.709363723730833, -2.133159141098829, 1.0, 1.0, 1.0]
['foot_mover_r', 8.884148597717285, -1.2811802625656128, 0.14858831465244293, -9.316246820067205, 4.709363723730833, -2.133159141098829, 1.0, 1.0, 1.0]
['hand_mid_pivot_mover_l', 0.0, 0.0, 0.0, 0.0, 0.0, 0.0, 1.0, 1.0, 1.0]
['hand_mid_pivot_mover_r', 0.0, 0.0, 0.0, 0.0, 0.0, 0.0, 1.0, 1.0, 1.0]
['hand_mover_l', -2.670917645290004, 0.15385987820161517, 3.01544034186918e-09, 18.054850719907908, 0.7583109900650306, -3.0451225603322327, 1.0, 1.0, 1.0]
['hand_mover_r', 2.6709177494049072, -0.15385988354682922, -3.01544034186918e-09, 18.054850719907908, 0.7583109900650306, -3.0451225603322327, 1.0, 1.0, 1.0]
['hand_pinky_pivot_mover_l', 0.0, 0.0, 0.0, 0.0, 0.0, 0.0, 1.0, 1.0, 1.0]
['hand_pinky_pivot_mover_r', 0.0, 0.0, 0.0, 0.0, 0.0, 0.0, 1.0, 1.0, 1.0]
['hand_thumb_pivot_mover_l', 0.0, 0.0, 0.0, 0.0, 0.0, 0.0, 1.0, 1.0, 1.0]
['hand_thumb_pivot_mover_r', 0.0, -0.0, -0.0, 0.0, -0.0, -0.0, 1.0, 1.0, 1.0]
['hand_tip_pivot_mover_l', 0.0, 0.0, 0.0, 0.0, 0.0, 0.0, 1.0, 1.0, 1.0]
['hand_tip_pivot_mover_r', 0.0, 0.0, 0.0, 0.0, 0.0, 0.0, 1.0, 1.0, 1.0]
['head_mover', 4.52829533167818, -0.6377851666493601, -2.1845910045751246e-13, 0.0, 0.0, 10.965078435216084, 1.0, 1.0, 1.0]
['heel_pivot_l_mover', -10.973272498430708, 11.232847178953945, 2.9115079370600374, 6.179320388033253, 0.0, 0.0, 1.0, 1.0, 1.0]
['heel_pivot_r_mover', -10.973272323608398, 11.232847213745117, -2.9115078449249268, -6.179320335388184, -0.0, 0.0, 1.0, 1.0, 1.0]
['hip_back_flaps_mover', -2.9078103382570183e-16, 36.782116519121544, -2.3637069705047793, 1.1181637552020177e-16, 6.3612064257530045e-15, -3.7272125173400575e-17, 1.0, 1.0, 1.0]
['hip_eyelet_front_l_01_mover', 38.64808189550256, -5.780381519337389, -53.16190591331576, -77.53880129441299, -0.045889882709536436, -86.85680502983608, 1.0, 1.0, 1.0]
['hip_eyelet_front_l_02_mover', 8.2273743373662e-10, 133.0713919727183, 2.0169636627542786e-08, -5.49998187, 0.0, 0.0, 1.0, 1.0, 1.0]
['hip_eyelet_front_l_03_mover', 5.014015869164723e-10, 133.02741304007975, 1.057284748640086e-08, -2.5880697876866767, -0.03588407262311511, -0.7938256353062889, 1.0, 1.0, 1.0]
['hip_eyelet_front_r_01_mover', -38.6480827331543, 5.780381679534912, 53.16190719604492, -77.53880310058594, -0.04588988423347473, -86.85680389404298, 1.0, 1.0, 1.0]
['hip_eyelet_front_r_02_mover', -8.2273743373662e-10, -133.07139587402344, -2.0169636627542786e-08, -5.499981880187988, 0.0, 0.0, 1.0, 1.0, 1.0]
['hip_eyelet_front_r_03_mover', -5.014015869164723e-10, -133.0274200439453, -1.057284748640086e-08, -2.5880696773529053, -0.0358840711414814, -0.793825626373291, 1.0, 1.0, 1.0]
['hip_eyelet_rear_l_01_mover', 33.43293950533603, -7.289518044487139, -34.966072826456156, -82.89294950000007, 1.3989448999999958, -15.746367700000018, 0.49509475222995614, 0.49509475222995614, 0.49509475222995614]
['hip_eyelet_rear_l_02_mover', -2.1316282072803006e-14, 84.57296600987803, 1.4210854715202004e-13, -1.6179071769627034, 0.0, -0.4984504795263871, 1.0, 1.0, 1.0]
['hip_eyelet_rear_l_03_mover', 2.1316282072803e-14, 84.57296600987829, 1.5631940186722204e-13, -1.1282158672853082, 0.0, 0.0, 1.0, 1.0, 1.0]
['hip_eyelet_rear_r_01_mover', -33.43293762207031, 7.289517879486084, 34.96607208251953, -82.89295196533203, 1.3989448547363281, -15.746367454528809, 0.49509475222995614, 0.49509475222995614, 0.49509475222995614]
['hip_eyelet_rear_r_02_mover', 2.1316282072803006e-14, -84.57296752929688, -1.4210854715202004e-13, -1.617907166481018, 0.0, -0.49845048785209656, 1.0, 1.0, 1.0]
['hip_eyelet_rear_r_03_mover', -2.1316282072803006e-14, -84.57296752929688, -1.5631940186722204e-13, -1.1282159090042114, 0.0, 0.0, 1.0, 1.0, 1.0]
['index_01_mover_l', 6.1591208928333, 3.830948295471785, 0.21603567583682315, 2.1260237979855003, -10.827396738553283, 24.474050023509683, 1.0, 1.0, 1.0]
['index_01_mover_r', -6.159121036529541, -3.8309483528137207, -0.21603567898273468, 2.1260237979855003, -10.827396738553283, 24.474050023509683, 1.0, 1.0, 1.0]
['index_02_mover_l', 1.869893804656158, 0.19653449736483708, 0.22281911310470903, 1.1222395359957869, -1.4520140252186822, 12.658857404176642, 1.0, 1.0, 1.0]
['index_02_mover_r', -1.8698937892913818, -0.19653449952602386, -0.22281911969184875, 1.1222395359957869, -1.4520140252186822, 12.658857404176642, 1.0, 1.0, 1.0]
['index_03_mover_l', 0.5983010793199242, -0.2538218426000185, -0.32758602058132524, 0.9790906690080902, 1.9487066245089206, -17.279124609112596, 1.0, 1.0, 1.0]
['index_03_mover_r', -0.5983010530471802, 0.25382184982299805, 0.32758602499961853, 0.9790906690080902, 1.9487066245089206, -17.279124609112596, 1.0, 1.0, 1.0]
['index_distal_phalange_mover_l', 5.3290705182007514e-14, -1.509903313490213e-14, -3.019806626980426e-13, -2.890142706154104e-14, 8.263793822931378e-15, 3.042105543569614e-15, 1.0, 1.0, 1.0]
['index_distal_phalange_mover_r', -0.0, -0.0, -0.0, -2.890142706154104e-14, 8.263793822931378e-15, 3.042105543569614e-15, 1.0, 1.0, 1.0]
['index_metacarpal_mover_l', 3.99286667467409, 5.608120397433538, 1.0164314358793616, -0.1880608152387347, 2.874598499726876, -4.852630719795692, 1.0, 1.0, 1.0]
['index_metacarpal_mover_r', -3.9928667545318604, -5.608120441436768, -1.016431450843811, -0.1880608152387347, 2.874598499726876, -4.852630719795692, 1.0, 1.0, 1.0]
['index_metatarsal_mover_l', 1.9895196601282805e-13, 1.2612133559741778e-13, 7.460698725481052e-14, 1.6847000578377066e-14, -6.708982531212107e-15, 1.1458072480389562e-14, 1.0, 1.0, 1.0]
['index_metatarsal_mover_r', -1.9895196601282805e-13, -1.2612133559741778e-13, -7.460698725481052e-14, 1.6847000578377066e-14, -6.708982531212107e-15, 1.1458072480389562e-14, 1.0, 1.0, 1.0]
['index_middle_phalange_mover_l', -1.4210854715202004e-13, -4.618527782440651e-14, 2.1316282072803006e-13, -1.452059876547065e-14, 3.414644824073955e-15, 1.0413851188413103e-14, 1.0, 1.0, 1.0]
['index_middle_phalange_mover_r', -0.0, -0.0, -0.0, -1.452059876547065e-14, 3.414644824073955e-15, 1.0413851188413103e-14, 1.0, 1.0, 1.0]
['index_proximal_phalange_mover_l', 4.583000645652646e-13, 2.930988785010413e-14, -8.881784197001252e-14, 5.466578358765433e-16, 2.196881177928853e-14, 7.114316892472837e-15, 1.0, 1.0, 1.0]
['index_proximal_phalange_mover_r', -0.0, -0.0, -0.0, 5.466578358765433e-16, 2.196881177928853e-14, 7.114316892472837e-15, 1.0, 1.0, 1.0]
['inside_pivot_l_mover', 7.2932461592536395, -10.335776406355505, -1.1773880129978676, 0.0, 0.0, 0.0, 1.0, 1.0, 1.0]
['inside_pivot_r_mover', 7.293246269226074, -10.335776329040527, 1.177388072013855, -0.0, -0.0, 0.0, 1.0, 1.0, 1.0]
['jaw_mover', 1.1443702007792231e-14, -4.808359747939812, 3.4107030118568105, -3.4601302465652684e-07, 1.2672522545750984e-14, -4.3732627252774375e-15, 0.31677009581185045, 0.31677009581185045, 0.31677009581185045]
['leg_shieldPad_A_l_mover', 38.988835897015846, 2.6131894524108192, 6.48263676948676, 1.4510302959999994, 1.9767021200000163, -2.862649031999996, 0.32004010057519183, 0.32004010057519183, 0.32004010057519183]
['leg_shieldPad_A_r_mover', -38.988834381103516, -2.613189458847046, -6.48263692855835, 1.4510302543640137, 1.976702094078064, -2.8626489639282227, 0.32004010057519183, 0.32004010057519183, 0.32004010057519183]
['leg_shieldPad_B_l_mover', 59.334660238785844, -9.768691346201209, -178.99185499976147, 5.01487033333307, 0.0, 0.0, 1.0, 1.0, 1.0]
['leg_shieldPad_B_r_mover', -59.334659576416016, 9.768691062927246, 178.99185180664062, 5.0148701667785645, 0.0, 0.0, 1.0, 1.0, 1.0]
['loin_cloth_bk_01_mover', -4.83212603971291e-15, 5.338638245465096, -43.48662917429645, -84.96300696893917, 0.0, 0.0, 0.384780189351421, 0.384780189351421, 0.384780189351421]
['loin_cloth_bk_02_mover', -8.323180197721968e-15, 74.54362627309591, -2.8421709430403966e-14, 0.0, 0.0, 0.0, 1.0, 1.0, 1.0]
['loin_cloth_fr_01_mover', -4.956321552871144e-15, -37.985935545256886, -44.9061080319917, -90.00000000000003, 4.515553814701176e-15, 4.480413318088713e-15, 0.384780189351421, 0.384780189351421, 0.384780189351421]
['loin_cloth_fr_02_mover', -4.499682315804743e-15, 40.529327322042704, 2.8421709430403998e-14, 0.0, 0.0, 0.0, 1.0, 1.0, 1.0]
['lowerarm_mover_l', 0.41603531372618363, 0.06259783550295595, -0.01055668480694294, -0.8847161089260452, 1.147212600608424, -21.915884475593156, 0.9054943791280871, 0.9054943791280871, 0.9054943791280871]
['lowerarm_mover_r', -0.41603532433509827, -0.0625978335738182, 0.01055668480694294, -0.8847161089260452, 1.147212600608424, -21.915884475593156, 0.9054943791280871, 0.9054943791280871, 0.9054943791280871]
['lowerarm_twist_01_mover_l', -33.54133210041438, 0.09199967203793946, 0.04253920492581642, 0.0, 0.0, 0.0, 0.36091508780282955, 0.36091508780282955, 0.36091508780282955]
['lowerarm_twist_01_mover_r', 33.54133224487305, -0.09199967235326767, -0.04253920540213585, 0.0, 0.0, 0.0, 0.36091508780282955, 0.36091508780282955, 0.36091508780282955]
['middle_01_mover_l', 5.693391472843572, 3.8049373620640097, -0.5002798323600377, -6.831923320694141, -6.220769047557931, 18.049180241963697, 1.0, 1.0, 1.0]
['middle_01_mover_r', -5.6933913230896, -3.8049373626708984, 0.5002798438072205, -6.831923320694141, -6.220769047557931, 18.049180241963697, 1.0, 1.0, 1.0]
['middle_02_mover_l', 0.4986894294494135, 0.2001055168078949, -0.2987286811288168, 0.3978636089132865, 4.561480579902926, 17.194453682067316, 1.0, 1.0, 1.0]
['middle_02_mover_r', -0.4986894428730011, -0.20010551810264587, 0.29872867465019226, 0.3978636089132865, 4.561480579902926, 17.194453682067316, 1.0, 1.0, 1.0]
['middle_03_mover_l', 0.9571294001349884, -0.28793066384230315, -0.39924900995711443, 0.020322372238918928, -0.15520208623594775, -7.215557115043504, 1.0, 1.0, 1.0]
['middle_03_mover_r', -0.9571294188499451, 0.2879306674003601, 0.39924901723861694, 0.020322372238918928, -0.15520208623594775, -7.215557115043504, 1.0, 1.0, 1.0]
['middle_distal_phalange_mover_l', 1.5987211554602254e-13, -1.0658141036401503e-14, -2.6645352591003757e-13, 8.119111266939097e-15, 4.7229826102321756e-15, 1.1111008357721106e-14, 1.0, 1.0, 1.0]
['middle_distal_phalange_mover_r', -0.0, -0.0, -0.0, 8.119111266939097e-15, 4.7229826102321756e-15, 1.1111008357721106e-14, 1.0, 1.0, 1.0]
['middle_metacarpal_mover_l', 4.093050409592962, 5.556903376770379, 0.8915672967678443, -0.11894292208729752, 3.7126036325615517, -4.684952613124817, 1.0, 1.0, 1.0]
['middle_metacarpal_mover_r', -4.093050479888916, -5.55690336227417, -0.8915672898292542, -0.11894292208729752, 3.7126036325615517, -4.684952613124817, 1.0, 1.0, 1.0]
['middle_metatarsal_mover_l', 2.3447910280083306e-13, 5.3290705182007514e-14, -5.3290705182007514e-14, -7.473061097266818e-15, 2.063943931477058e-14, 2.3902691523962564e-15, 1.0, 1.0, 1.0]
['middle_metatarsal_mover_r', -2.3447910280083306e-13, -5.3290705182007514e-14, 5.3290705182007514e-14, -7.473061097266818e-15, 2.063943931477058e-14, 2.3902691523962564e-15, 1.0, 1.0, 1.0]
['middle_middle_phalange_mover_l', 7.105427357601002e-15, -1.7763568394002505e-15, 2.3803181647963356e-13, -1.7067527318986388e-15, -2.2773011183514424e-14, 1.7497037560202748e-14, 1.0, 1.0, 1.0]
['middle_middle_phalange_mover_r', -0.0, -0.0, -0.0, -1.7067527318986388e-15, -2.2773011183514424e-14, 1.7497037560202748e-14, 1.0, 1.0, 1.0]
['middle_proximal_phalange_mover_l', 2.0961010704922955e-13, -2.042810365310288e-14, 1.0302869668521453e-13, 6.093992465850996e-15, 9.48497935402267e-15, 5.916949871277348e-16, 1.0, 1.0, 1.0]
['middle_proximal_phalange_mover_r', -0.0, -0.0, -0.0, 6.093992465850996e-15, 9.48497935402267e-15, 5.916949871277348e-16, 1.0, 1.0, 1.0]
['neck_01_mover', 3.5481915146490337, -2.8080868887349197, -1.4914611071547254e-07, 0.0, 0.0, -10.965078438537759, 1.0, 1.0, 1.0]
['neck_02_mover', -3.5561095435352286, -0.8370349416798177, -2.8636622703792197e-15, 0.0, 0.0, -1.5107634736951704e-14, 1.0, 1.0, 1.0]
['outside_pivot_l_mover', 1.9774216785075522, -10.728709869021635, -1.1416476117657417, 0.0, 3.689508480953745, 0.0, 1.0, 1.0, 1.0]
['outside_pivot_r_mover', 1.9774216413497925, -10.728710174560547, 1.1416475772857666, -0.0, -3.6895084381103516, 0.0, 1.0, 1.0, 1.0]
['padawan_l_01_mover', 16.49181839735833, -0.4277292192094686, 1.952896334677746, -61.99401160588558, 4.9191242786121805, -162.22718376619665, 0.23485206922389507, 0.23485206922389507, 0.23485206922389507]
['padawan_l_02_mover', -3.0350882117912383, 67.48382124696933, -1.4304226559658921, 3.0919325870199392, 0.17283624238976342, -3.1963479416626015, 1.0, 1.0, 1.0]
['padawan_r_01_mover', -16.491817474365234, 0.42772921919822693, -1.9528963565826416, -61.994010925292976, 4.919124126434326, -162.22718811035156, 0.23485206922389507, 0.23485206922389507, 0.23485206922389507]
['padawan_r_02_mover', 3.035088300704956, -67.48381805419922, 1.4304226636886597, 3.091932535171509, 0.17283624410629272, -3.196347951889038, 1.0, 1.0, 1.0]
['pelvis_mover', 22.07952540774079, 0.04394532823304331, 2.9357213085898954e-14, -3.7272125173400575e-17, -1.2722315788680037e-14, -4.969616689786744e-17, 1.0, 1.0, 1.0]
['pinky_01_mover_l', 5.451236917100374, 4.819099337715727, -0.2530395782293522, -11.189050713041116, -2.6929162548072894, 27.316258257524947, 1.0, 1.0, 1.0]
['pinky_01_mover_r', -5.451236724853516, -4.819099426269531, 0.25303956866264343, -11.189050713041116, -2.6929162548072894, 27.316258257524947, 1.0, 1.0, 1.0]
['pinky_02_mover_l', 2.0033047469773493, -0.19575880831268933, 0.01900452077170911, 0.6149855866780894, 1.2487234742807138, 2.809006737077765, 1.0, 1.0, 1.0]
['pinky_02_mover_r', -2.0033047199249268, 0.19575880467891693, -0.019004520028829575, 0.6149855866780894, 1.2487234742807138, 2.809006737077765, 1.0, 1.0, 1.0]
['pinky_03_mover_l', -0.8059703078590985, -0.8568166009708023, -0.06759263160004281, 0.09850957317853706, -0.35115906957418414, -13.358116471743761, 1.0, 1.0, 1.0]
['pinky_03_mover_r', 0.805970311164856, 0.8568165898323059, 0.06759262830018997, 0.09850957317853706, -0.35115906957418414, -13.358116471743761, 1.0, 1.0, 1.0]
['pinky_distal_phalange_mover_l', 2.2382096176443156e-13, -4.973799150320701e-14, -2.4158453015843406e-13, -5.4665783587654e-16, 1.7741531582538678e-14, 1.2754831835380792e-14, 1.0, 1.0, 1.0]
['pinky_distal_phalange_mover_r', -0.0, -0.0, -0.0, -5.4665783587654e-16, 1.7741531582538678e-14, 1.2754831835380792e-14, 1.0, 1.0, 1.0]
['pinky_metacarpal_mover_l', 4.227382189310191, 5.417603351579402, 1.0981541741059822, -0.41414405811931515, 0.8233681633990967, -3.119385909927881, 1.0, 1.0, 1.0]
['pinky_metacarpal_mover_r', -4.227382183074951, -5.417603492736816, -1.0981541872024536, -0.41414405811931515, 0.8233681633990967, -3.119385909927881, 1.0, 1.0, 1.0]
['pinky_metatarsal_mover_l', 2.2115642650533118e-13, 1.4210854715202004e-14, -2.5579538487363607e-13, -1.3014183706379039e-14, 1.8083969232569298e-14, 5.666139528964666e-15, 1.0, 1.0, 1.0]
['pinky_metatarsal_mover_r', -2.2115642650533118e-13, -1.4210854715202004e-14, 2.5579538487363607e-13, -1.3014183706379039e-14, 1.8083969232569298e-14, 5.666139528964666e-15, 1.0, 1.0, 1.0]
['pinky_middle_phalange_mover_l', -7.105427357601002e-14, -1.7763568394002505e-15, 1.7763568394002505e-13, 0.0, 0.0, 1.5902773407317584e-14, 1.0, 1.0, 1.0]
['pinky_middle_phalange_mover_r', -0.0, -0.0, -0.0, 0.0, 0.0, 1.5902773407317584e-14, 1.0, 1.0, 1.0]
['pinky_proximal_phalange_mover_l', 2.5934809855243657e-13, -6.616929226765933e-14, 5.684341886080802e-14, 6.631332270434187e-16, 3.14140439060755e-14, 1.7723672022559772e-16, 1.0, 1.0, 1.0]
['pinky_proximal_phalange_mover_r', -0.0, -0.0, -0.0, 6.631332270434187e-16, 3.14140439060755e-14, 1.7723672022559772e-16, 1.0, 1.0, 1.0]
['pipe_mover', -5.209047950795152e-13, -207.66604166378994, -124.16194128386303, 0.0, 0.0, 0.0, 1.2980583821703569, 1.2980583821703569, 1.2980583821703569]
['ponytail_01_mover', 4.3447063319569346e-15, 19.605457419257842, 7.0253431528999695, -31.095790321967, 0.0, 0.0, 0.4514846607690862, 0.4514846607690862, 0.4514846607690862]
['ponytail_02_mover', -1.8086887092287136e-13, 58.79331961897792, -0.1692629714942295, 0.7199999892886352, 0.0, 0.0, 1.0, 1.0, 1.0]
['ponytail_03_mover', -1.8851983449582117e-13, 62.54402511919224, -1.1368683772161555e-13, 0.0, 0.0, 0.0, 1.0, 1.0, 1.0]
['ring_01_mover_l', 5.675100715515136, 4.324283754282135, -0.0595274118533613, -8.890788465877376, -3.282038632412354, 19.822119076320906, 1.0, 1.0, 1.0]
['ring_01_mover_r', -5.675100803375244, -4.324283599853516, 0.05952741205692291, -8.890788465877376, -3.282038632412354, 19.822119076320906, 1.0, 1.0, 1.0]
['ring_02_mover_l', 1.5077951079028509, 0.16736714613753634, -0.15263700601129315, 0.0, 0.0, 18.790490273162632, 1.0, 1.0, 1.0]
['ring_02_mover_r', -1.5077950954437256, -0.1673671454191208, 0.15263700485229492, 0.0, 0.0, 18.790490273162632, 1.0, 1.0, 1.0]
['ring_03_mover_l', 1.6070613686676722, -0.4073323876992845, 0.15263700728201712, 0.0, 0.0, -8.30912604228801, 1.0, 1.0, 1.0]
['ring_03_mover_r', -1.6070613861083984, 0.4073323905467987, -0.15263700485229492, 0.0, 0.0, -8.30912604228801, 1.0, 1.0, 1.0]
['ring_distal_phalange_mover_l', -4.227729277772596e-13, -2.042810365310288e-13, 2.948752353404416e-13, -1.920290949037909e-15, 3.466375169032564e-14, 2.3876102316553348e-15, 1.0, 1.0, 1.0]
['ring_distal_phalange_mover_r', -0.0, -0.0, -0.0, -1.920290949037909e-15, 3.466375169032564e-14, 2.3876102316553348e-15, 1.0, 1.0, 1.0]
['ring_metacarpal_mover_l', 4.146495244381498, 5.466901059410816, 1.1604735787064673, 0.06805881149197149, 1.4458052148280027, -2.962152948796369, 1.0, 1.0, 1.0]
['ring_metacarpal_mover_r', -4.146495342254639, -5.466900825500488, -1.1604735851287842, 0.06805881149197149, 1.4458052148280027, -2.962152948796369, 1.0, 1.0, 1.0]
['ring_metatarsal_mover_l', 2.646771690706373e-13, 3.730349362740526e-14, 1.6697754290362354e-13, -1.940635317361724e-14, 9.330455335074616e-15, -1.2486161933089215e-15, 1.0, 1.0, 1.0]
['ring_metatarsal_mover_r', -2.646771690706373e-13, -3.730349362740526e-14, -1.6697754290362354e-13, -1.940635317361724e-14, 9.330455335074616e-15, -1.2486161933089215e-15, 1.0, 1.0, 1.0]
['ring_middle_phalange_mover_l', 2.3092638912203256e-13, 1.0658141036401503e-14, 3.907985046680551e-14, -4.8205281890931395e-15, 2.2170702457311115e-14, 1.59544108307349e-14, 1.0, 1.0, 1.0]
['ring_middle_phalange_mover_r', -0.0, -0.0, -0.0, -4.8205281890931395e-15, 2.2170702457311115e-14, 1.59544108307349e-14, 1.0, 1.0, 1.0]
['ring_proximal_phalange_mover_l', 2.0250467969162855e-13, -3.863576125695545e-14, 1.1723955140041653e-13, 1.2268741202911055e-15, 2.033505029252114e-14, 1.4842070845091225e-14, 1.0, 1.0, 1.0]
['ring_proximal_phalange_mover_r', -0.0, -0.0, -0.0, 1.2268741202911055e-15, 2.033505029252114e-14, 1.4842070845091225e-14, 1.0, 1.0, 1.0]
['root_mover', 0.0, 0.0, 0.0, 0.0, 0.0, 0.0, 0.45442953072000003, 0.45442953072000003, 0.45442953072000003]
['shoulder_blade_in_r_mover', -38.903841351298226, 2.5315529637072505, -7.905398059437289, 2.2626777374784393e-14, 1.8179551182376412e-14, -30.751099454821407, 0.29821344109979064, 0.29821344109979064, 0.29821344109979064]
['shoulder_blade_mid_r_mover', -47.51762805430238, 4.8310291199578845, -11.092602505840034, 2.2626777374784393e-14, 1.8179551182376412e-14, -30.751099454821407, 0.29821344109979064, 0.29821344109979064, 0.29821344109979064]
['shoulder_blade_out_r_mover', -56.32940604472735, 10.399367966972708, -11.790821963476333, 2.2626777374784393e-14, 1.8179551182376412e-14, -30.751099454821407, 0.29821344109979064, 0.29821344109979064, 0.29821344109979064]
['shoulder_cloth_01_l_mover', 40.355700665613625, -16.47717783513314, 15.324586049753123, 27.10121419437112, 52.23328326191662, -31.81392789766151, 0.3413292886359741, 0.3413292886359741, 0.3413292886359741]
['shoulder_cloth_02_l_mover', 42.545175164017635, 19.731652734796146, 18.934910356244018, -16.1149983453631, 31.251508823138174, -6.392551056363595, 0.3413292886359741, 0.3413292886359741, 0.3413292886359741]
['shoulder_pad_r_mover', -58.927202324091866, 13.751926549033069, 15.407205474708007, 4.04390221255091, 15.641957873231807, -12.317040008561719, 1.0654960263952193, 1.0654960263952193, 1.0654960263952193]
['spine_01_mover', -8.464075992535413, 2.35128164688674, -1.5545435713250799e-12, 0.0, 0.0, 17.86845481557233, 1.0, 1.0, 1.0]
['spine_02_mover', 11.980291495983238, -5.458565774773938, 1.4915234782763968e-07, 0.0, 0.0, -15.007413329631277, 1.0, 1.0, 1.0]
['spine_03_mover', 0.8076459956192821, -1.0916412094469763, -5.232868617967474e-12, 0.0, 0.0, -2.8610418286323998, 1.0, 1.0, 1.0]
['thigh_mover_l', -15.732150177185588, -1.6215794710930322, -3.910612244312208, -2.799039941305799, -5.216907551924214, -1.2851400661232486, 0.932404184625471, 0.932404184625471, 0.932404184625471]
['thigh_mover_r', 15.732150077819824, 1.6215795278549194, 3.9106123447418213, -2.799039941305799, -5.216907551924214, -1.2851400661232486, 0.932404184625471, 0.932404184625471, 0.932404184625471]
['thigh_twist_01_mover_l', 1.7053025658242404e-13, 3.552713678800501e-15, 7.105427357601002e-15, 0.0, 0.0, 0.0, 1.0, 1.0, 1.0]
['thigh_twist_01_mover_r', -1.7053025658242404e-13, -3.552713678800501e-15, -7.105427357601002e-15, 0.0, 0.0, 0.0, 1.0, 1.0, 1.0]
['thigh_twist_02_mover_l', 1.4210854715202004e-13, 3.1086244689504383e-15, 1.4210854715202004e-14, 0.0, 0.0, 0.0, 1.0, 1.0, 1.0]
['thigh_twist_02_mover_r', -1.4210854715202004e-13, -3.1086244689504383e-15, -1.4210854715202004e-14, 0.0, 0.0, 0.0, 1.0, 1.0, 1.0]
['thumb_01_mover_l', 3.9631874474122526, 4.069032325229642, 0.9437996068093071, 16.68862617195173, -2.895071003403464, 10.678975821096065, 1.0, 1.0, 1.0]
['thumb_01_mover_r', -3.9631874561309814, -4.069032192230225, -0.943799614906311, 16.68862617195173, -2.895071003403464, 10.678975821096065, 1.0, 1.0, 1.0]
['thumb_02_mover_l', 2.930367471009447, 0.5891283142008916, 0.1560724637594646, -9.792821348284267, 8.03182273503624, 6.387479214849646, 1.0, 1.0, 1.0]
['thumb_02_mover_r', -2.9303674697875977, -0.589128315448761, -0.1560724675655365, -9.792821348284267, 8.03182273503624, 6.387479214849646, 1.0, 1.0, 1.0]
['thumb_03_mover_l', 0.18322722509904565, -0.05993482413470019, 0.10297721411708949, 4.953219874392973e-14, 1.4070066928834733e-14, -20.305167634075023, 1.0, 1.0, 1.0]
['thumb_03_mover_r', -0.18322722613811493, 0.0599348247051239, -0.1029772162437439, 4.953219874392973e-14, 1.4070066928834733e-14, -20.305167634075023, 1.0, 1.0, 1.0]
['toe_pivot_l_mover', 11.179134857441522, 9.215546873359454, 0.7246099678298041, 0.0, 0.0, 0.0, 1.0, 1.0, 1.0]
['toe_pivot_r_mover', 11.1791353225708, 9.215546607971191, -0.7246099710464478, -0.0, -0.0, 0.0, 1.0, 1.0, 1.0]
['upperarm_mover_l', -10.319898238162295, -1.3257213876950722, 7.3607221864896815, 11.330018412657823, -10.961483898276368, -18.50933651406182, 1.1673130515555152, 1.1673130515555152, 1.1673130515555152]
['upperarm_mover_r', 10.31989860534668, 1.3257213830947876, -7.360722064971924, 11.330018412657823, -10.961483898276368, -18.50933651406182, 1.1673130515555152, 1.1673130515555152, 1.1673130515555152]
['upperarm_twist_01_mover_l', -1.5916157281026244e-12, 2.9484503727417177e-10, 1.1084466677857563e-12, 0.0, 0.0, 0.0, 0.3344840411443059, 0.3344840411443059, 0.3344840411443059]
['upperarm_twist_01_mover_r', 1.5916157281026244e-12, -2.9484503727417177e-10, -1.1084466677857563e-12, 0.0, 0.0, 0.0, 0.3344840411443059, 0.3344840411443059, 0.3344840411443059]
['upperarm_twist_02_mover_l', 9.325482224664569, 1.9243273641222913e-11, 7.673861546209082e-13, 0.0, 0.0, 0.0, 0.3344840411443059, 0.3344840411443059, 0.3344840411443059]
['upperarm_twist_02_mover_r', -9.325482368469238, -1.9243273641222913e-11, -7.673861546209082e-13, 0.0, 0.0, 0.0, 0.3344840411443059, 0.3344840411443059, 0.3344840411443059]
['weapon_bladeA_01_mover', -4.547473508864641e-13, -607.7477557054248, 46.764930024526166, 0.0, -0.0, 0.0, 1.0, 1.0, 1.0]
['weapon_bladeA_02_mover', -5.115907697472721e-13, 2.9777514030145085, -55.01943538660987, 0.0, 0.0, 0.0, 1.0, 1.0, 1.0]
['weapon_bladeA_03_mover', 5.684341886080802e-14, 4.7519392865069676e-08, -11.283768007032222, 0.0, 0.0, 0.0, 1.0, 1.0, 1.0]
['weapon_bladeA_04_mover', -2.8421709430404007e-13, -106.25246316183211, -8.522365838076553, -15.43526291616145, 0.0, 0.0, 1.0, 1.0, 1.0]
['weapon_bladeA_05_mover', 2.2737367544323206e-13, -99.59530936841486, 1.9253013694694232, -13.437714933692204, 0.0, 0.0, 1.0, 1.0, 1.0]
['weapon_bladeB_01_mover', 2.2737367544323206e-13, -607.5082967619269, 44.01629341132809, 0.0, -0.0, 0.0, 1.0, 1.0, 1.0]
['weapon_bladeB_02_mover', -1.3642420526593924e-12, 43.85662543900776, -35.8338338971962, 50.67318245621522, 0.0, 0.0, 1.0, 1.0, 1.0]
['weapon_bladeB_03_mover', -2.2737367544323206e-13, -0.7468542397981963, -10.534957831164888, -50.67318245621522, 0.0, 0.0, 1.0, 1.0, 1.0]
['weapon_bladeB_04_mover', 6.252776074688882e-13, 60.86498012724957, -7.106664990982949, 0.0, 0.0, 0.0, 1.0, 1.0, 1.0]
['weapon_bladeB_05_mover', -1.7053025658242404e-13, 35.87895275689931, 12.483002788752856, 0.0, 0.0, 0.0, 1.0, 1.0, 1.0]
['weapon_bladeC_01_mover', -4.547473508864641e-13, -607.6422011724717, 43.97922520167481, 0.0, -0.0, 0.0, 1.0, 1.0, 1.0]
['weapon_bladeC_02_mover', -3.979039320256561e-13, -40.81874371096603, 0.40473105812418453, 0.0, 0.0, 0.0, 1.0, 1.0, 1.0]
['weapon_bladeC_03_mover', 2.8421709430404007e-13, -19.7427103680385, -1.1808344879682409e-07, 0.0, 0.0, 0.0, 1.0, 1.0, 1.0]
['weapon_bladeD_01_mover', -5.115907697472721e-13, -605.9265613247363, 47.93177771254261, 0.0, -0.0, 0.0, 1.0, 1.0, 1.0]
['weapon_bladeD_02_mover', -5.684341886080802e-14, -11.06114004933977, 38.562024322845105, 0.0, 0.0, 0.0, 1.0, 1.0, 1.0]
['weapon_bladeE_01_mover', -1.1368683772161603e-13, 40.5982065692026, -23.874235890623822, 0.0, -0.0, 0.0, 1.0, 1.0, 1.0]
['weapon_butt_01_mover', 1.1368683772161603e-12, 402.17146054709553, 27.54317846268441, 0.0, -0.0, 0.0, 0.48832664410631477, 0.48832664410631477, 0.48832664410631477]
['weapon_butt_02_mover', 1.9326762412674713e-12, 173.32362168789714, 3.450029453233583e-07, 0.0, 0.0, 0.0, 1.0, 1.0, 1.0]
['weapon_butt_03_mover', -5.684341886080801e-13, 128.30015902487386, 2.934020812972449e-07, 0.0, 0.0, 0.0, 1.0, 1.0, 1.0]
['weapon_l_mover', 0.7288793649821912, -0.1780827071214226, -27.924309281091553, 17.492560631667104, 23.47534609459503, 17.958097542558974, 0.4422122139, 0.4422122139, 0.4422122139]
['weapon_mover', 147.87992477849414, -7.196578573620565, 266.91930387494426, 0.0, 0.0, 0.0, 0.4422122138969322, 0.4422122138969322, 0.4422122138969322]
['weapon_r_mover', -0.7288793921470642, 0.17808270454406738, 27.92430877685547, 17.49256134033203, 23.475345611572266, 17.958097457885742, 0.4422122139, 0.4422122139, 0.4422122139]
['wrist_plate_r_mover', -59.39588439399037, 14.752864934851685, 57.63772720018517, 6.026003279611126, 62.122890318778325, -6.114626562472586, 1.9888325418710513, 1.9888325418710513, 1.9888325418710513]
['back_sash_01_mover_offset', 0.0, 0.0, 0.0, 0.0, 0.0, 0.0, 1.0, 1.0, 1.0]
['back_sash_02_mover_offset', 0.0, 0.0, 0.0, 0.0, 0.0, 0.0, 1.0, 1.0, 1.0]
['back_sash_03_mover_offset', 0.0, 0.0, 0.0, 0.0, 0.0, 0.0, 1.0, 1.0, 1.0]
['ball_mover_offset_l', 0.0, 0.0, 0.0, 0.0, 0.0, 0.0, 1.0, 1.0, 1.0]
['ball_mover_offset_r', -0.0, -0.0, -0.0, 0.0, 0.0, 0.0, 1.0, 1.0, 1.0]
['bigtoe_distal_phalange_mover_offset_l', 0.0, 0.0, 0.0, 0.0, 0.0, 0.0, 1.0, 1.0, 1.0]
['bigtoe_distal_phalange_mover_offset_r', -0.0, -0.0, -0.0, 0.0, 0.0, 0.0, 1.0, 1.0, 1.0]
['bigtoe_metatarsal_mover_offset_l', 0.0, 0.0, 0.0, 0.0, 0.0, 0.0, 1.0, 1.0, 1.0]
['bigtoe_metatarsal_mover_offset_r', -0.0, -0.0, -0.0, 0.0, 0.0, 0.0, 1.0, 1.0, 1.0]
['bigtoe_proximal_phalange_mover_offset_l', 0.0, 0.0, 0.0, 0.0, 0.0, 0.0, 1.0, 1.0, 1.0]
['bigtoe_proximal_phalange_mover_offset_r', -0.0, -0.0, -0.0, 0.0, 0.0, 0.0, 1.0, 1.0, 1.0]
['bracelet_A_l_mover_offset', 0.0, 0.0, 0.0, 0.0, 0.0, 0.0, 1.0, 1.0, 1.0]
['bracelet_B_l_mover_offset', 0.0, 0.0, 0.0, 0.0, 0.0, 0.0, 1.0, 1.0, 1.0]
['bracelet_C_l_mover_offset', 0.0, 0.0, 0.0, 0.0, 0.0, 0.0, 1.0, 1.0, 1.0]
['calf_mover_offset_l', 0.0, 0.0, 0.0, 0.0, 0.0, 0.0, 1.0, 1.0, 1.0]
['calf_mover_offset_r', -0.0, -0.0, -0.0, 0.0, 0.0, 0.0, 1.0, 1.0, 1.0]
['calf_twist_01_mover_offset_l', 0.0, 0.0, 0.0, 0.0, 0.0, 0.0, 1.0, 1.0, 1.0]
['calf_twist_01_mover_offset_r', -0.0, -0.0, -0.0, 0.0, 0.0, 0.0, 1.0, 1.0, 1.0]
['clavicle_mover_offset_l', 0.0, 0.0, 0.0, 0.0, 0.0, 0.0, 1.0, 1.0, 1.0]
['clavicle_mover_offset_r', -0.0, -0.0, -0.0, 0.0, 0.0, 0.0, 1.0, 1.0, 1.0]
['eyeball_l_mover_offset', 0.0, 0.0, 0.0, 0.0, 0.0, 0.0, 1.0, 1.0, 1.0]
['eyeball_r_mover_offset', 0.0, 0.0, 0.0, 0.0, 0.0, 0.0, 1.0, 1.0, 1.0]
['eyebrow_in_l_mover_offset', 0.0, 0.0, 0.0, 0.0, 0.0, 0.0, 1.0, 1.0, 1.0]
['eyebrow_in_r_mover_offset', 0.0, 0.0, 0.0, 0.0, 0.0, 0.0, 1.0, 1.0, 1.0]
['eyebrow_out_l_mover_offset', 0.0, 0.0, 0.0, 0.0, 0.0, 0.0, 1.0, 1.0, 1.0]
['eyebrow_out_r_mover_offset', 0.0, 0.0, 0.0, 0.0, 0.0, 0.0, 1.0, 1.0, 1.0]
['eyelid_bott_l_mover_offset', 0.0, 0.0, 0.0, 0.0, 0.0, 0.0, 1.0, 1.0, 1.0]
['eyelid_bott_r_mover_offset', 0.0, 0.0, 0.0, 0.0, 0.0, 0.0, 1.0, 1.0, 1.0]
['eyelid_top_l_mover_offset', 0.0, 0.0, 0.0, 0.0, 0.0, 0.0, 1.0, 1.0, 1.0]
['eyelid_top_r_mover_offset', 0.0, 0.0, 0.0, 0.0, 0.0, 0.0, 1.0, 1.0, 1.0]
['foot_mover_offset_l', 0.0, 0.0, 0.0, 0.0, 0.0, 0.0, 1.0, 1.0, 1.0]
['foot_mover_offset_r', -0.0, -0.0, -0.0, 0.0, 0.0, 0.0, 1.0, 1.0, 1.0]
['hand_mover_offset_l', 0.0, 0.0, 0.0, 0.0, 0.0, 0.0, 1.0, 1.0, 1.0]
['hand_mover_offset_r', -0.0, -0.0, -0.0, 0.0, 0.0, 0.0, 1.0, 1.0, 1.0]
['head_mover_offset', 0.0, 0.0, 0.0, 0.0, 0.0, 0.0, 1.0, 1.0, 1.0]
['hip_back_flaps_mover_offset', 0.0, 0.0, 0.0, 0.0, 0.0, 0.0, 1.0, 1.0, 1.0]
['hip_eyelet_front_l_01_mover_offset', 0.0, 0.0, 0.0, 0.0, 0.0, 0.0, 1.0, 1.0, 1.0]
['hip_eyelet_front_l_02_mover_offset', 0.0, 0.0, 0.0, 0.0, 0.0, 0.0, 1.0, 1.0, 1.0]
['hip_eyelet_front_l_03_mover_offset', 0.0, 0.0, 0.0, 0.0, 0.0, 0.0, 1.0, 1.0, 1.0]
['hip_eyelet_front_r_01_mover_offset', 0.0, 0.0, 0.0, 0.0, 0.0, 0.0, 1.0, 1.0, 1.0]
['hip_eyelet_front_r_02_mover_offset', 0.0, 0.0, 0.0, 0.0, 0.0, 0.0, 1.0, 1.0, 1.0]
['hip_eyelet_front_r_03_mover_offset', 0.0, 0.0, 0.0, 0.0, 0.0, 0.0, 1.0, 1.0, 1.0]
['hip_eyelet_rear_l_01_mover_offset', 0.0, 0.0, 0.0, 0.0, 0.0, 0.0, 1.0, 1.0, 1.0]
['hip_eyelet_rear_l_02_mover_offset', 0.0, 0.0, 0.0, 0.0, 0.0, 0.0, 1.0, 1.0, 1.0]
['hip_eyelet_rear_l_03_mover_offset', 0.0, 0.0, 0.0, 0.0, 0.0, 0.0, 1.0, 1.0, 1.0]
['hip_eyelet_rear_r_01_mover_offset', 0.0, 0.0, 0.0, 0.0, 0.0, 0.0, 1.0, 1.0, 1.0]
['hip_eyelet_rear_r_02_mover_offset', 0.0, 0.0, 0.0, 0.0, 0.0, 0.0, 1.0, 1.0, 1.0]
['hip_eyelet_rear_r_03_mover_offset', 0.0, 0.0, 0.0, 0.0, 0.0, 0.0, 1.0, 1.0, 1.0]
['index_01_mover_offset_l', 0.0, 0.0, 0.0, 0.0, 0.0, 0.0, 1.0, 1.0, 1.0]
['index_01_mover_offset_r', -0.0, -0.0, -0.0, 0.0, 0.0, 0.0, 1.0, 1.0, 1.0]
['index_02_mover_offset_l', 0.0, 0.0, 0.0, 0.0, 0.0, 0.0, 1.0, 1.0, 1.0]
['index_02_mover_offset_r', -0.0, -0.0, -0.0, 0.0, 0.0, 0.0, 1.0, 1.0, 1.0]
['index_03_mover_offset_l', 0.0, 0.0, 0.0, 0.0, 0.0, 0.0, 1.0, 1.0, 1.0]
['index_03_mover_offset_r', -0.0, -0.0, -0.0, 0.0, 0.0, 0.0, 1.0, 1.0, 1.0]
['index_distal_phalange_mover_offset_l', 0.0, 0.0, 0.0, 0.0, 0.0, 0.0, 1.0, 1.0, 1.0]
['index_distal_phalange_mover_offset_r', -0.0, -0.0, -0.0, 0.0, 0.0, 0.0, 1.0, 1.0, 1.0]
['index_metacarpal_mover_offset_l', 0.0, 0.0, 0.0, 0.0, 0.0, 0.0, 1.0, 1.0, 1.0]
['index_metacarpal_mover_offset_r', -0.0, -0.0, -0.0, 0.0, 0.0, 0.0, 1.0, 1.0, 1.0]
['index_metatarsal_mover_offset_l', 0.0, 0.0, 0.0, 0.0, 0.0, 0.0, 1.0, 1.0, 1.0]
['index_metatarsal_mover_offset_r', -0.0, -0.0, -0.0, 0.0, 0.0, 0.0, 1.0, 1.0, 1.0]
['index_middle_phalange_mover_offset_l', 0.0, 0.0, 0.0, 0.0, 0.0, 0.0, 1.0, 1.0, 1.0]
['index_middle_phalange_mover_offset_r', -0.0, -0.0, -0.0, 0.0, 0.0, 0.0, 1.0, 1.0, 1.0]
['index_proximal_phalange_mover_offset_l', 0.0, 0.0, 0.0, 0.0, 0.0, 0.0, 1.0, 1.0, 1.0]
['index_proximal_phalange_mover_offset_r', -0.0, -0.0, -0.0, 0.0, 0.0, 0.0, 1.0, 1.0, 1.0]
['jaw_mover_offset', 0.0, 0.0, 0.0, 0.0, 0.0, 0.0, 1.0, 1.0, 1.0]
['leg_shieldPad_A_l_mover_offset', 0.0, 0.0, 0.0, 0.0, 0.0, 0.0, 1.0, 1.0, 1.0]
['leg_shieldPad_A_r_mover_offset', 0.0, 0.0, 0.0, 0.0, 0.0, 0.0, 1.0, 1.0, 1.0]
['leg_shieldPad_B_l_mover_offset', 0.0, 0.0, 0.0, 0.0, 0.0, 0.0, 1.0, 1.0, 1.0]
['leg_shieldPad_B_r_mover_offset', 0.0, 0.0, 0.0, 0.0, 0.0, 0.0, 1.0, 1.0, 1.0]
['loin_cloth_bk_01_mover_offset', 0.0, 0.0, 0.0, 0.0, 0.0, 0.0, 1.0, 1.0, 1.0]
['loin_cloth_bk_02_mover_offset', 0.0, 0.0, 0.0, 0.0, 0.0, 0.0, 1.0, 1.0, 1.0]
['loin_cloth_fr_01_mover_offset', 0.0, 0.0, 0.0, 0.0, 0.0, 0.0, 1.0, 1.0, 1.0]
['loin_cloth_fr_02_mover_offset', 0.0, 0.0, 0.0, 0.0, 0.0, 0.0, 1.0, 1.0, 1.0]
['lowerarm_mover_offset_l', 0.0, 0.0, 0.0, 0.0, 0.0, 0.0, 1.0, 1.0, 1.0]
['lowerarm_mover_offset_r', -0.0, -0.0, -0.0, 0.0, 0.0, 0.0, 1.0, 1.0, 1.0]
['lowerarm_twist_01_mover_offset_l', 0.0, 0.0, 0.0, 0.0, 0.0, 0.0, 1.0, 1.0, 1.0]
['lowerarm_twist_01_mover_offset_r', -0.0, -0.0, -0.0, 0.0, 0.0, 0.0, 1.0, 1.0, 1.0]
['middle_01_mover_offset_l', 0.0, 0.0, 0.0, 0.0, 0.0, 0.0, 1.0, 1.0, 1.0]
['middle_01_mover_offset_r', -0.0, -0.0, -0.0, 0.0, 0.0, 0.0, 1.0, 1.0, 1.0]
['middle_02_mover_offset_l', 0.0, 0.0, 0.0, 0.0, 0.0, 0.0, 1.0, 1.0, 1.0]
['middle_02_mover_offset_r', -0.0, -0.0, -0.0, 0.0, 0.0, 0.0, 1.0, 1.0, 1.0]
['middle_03_mover_offset_l', 0.0, 0.0, 0.0, 0.0, 0.0, 0.0, 1.0, 1.0, 1.0]
['middle_03_mover_offset_r', -0.0, -0.0, -0.0, 0.0, 0.0, 0.0, 1.0, 1.0, 1.0]
['middle_distal_phalange_mover_offset_l', 0.0, 0.0, 0.0, 0.0, 0.0, 0.0, 1.0, 1.0, 1.0]
['middle_distal_phalange_mover_offset_r', -0.0, -0.0, -0.0, 0.0, 0.0, 0.0, 1.0, 1.0, 1.0]
['middle_metacarpal_mover_offset_l', 0.0, 0.0, 0.0, 0.0, 0.0, 0.0, 1.0, 1.0, 1.0]
['middle_metacarpal_mover_offset_r', -0.0, -0.0, -0.0, 0.0, 0.0, 0.0, 1.0, 1.0, 1.0]
['middle_metatarsal_mover_offset_l', 0.0, 0.0, 0.0, 0.0, 0.0, 0.0, 1.0, 1.0, 1.0]
['middle_metatarsal_mover_offset_r', -0.0, -0.0, -0.0, 0.0, 0.0, 0.0, 1.0, 1.0, 1.0]
['middle_middle_phalange_mover_offset_l', 0.0, 0.0, 0.0, 0.0, 0.0, 0.0, 1.0, 1.0, 1.0]
['middle_middle_phalange_mover_offset_r', -0.0, -0.0, -0.0, 0.0, 0.0, 0.0, 1.0, 1.0, 1.0]
['middle_proximal_phalange_mover_offset_l', 0.0, 0.0, 0.0, 0.0, 0.0, 0.0, 1.0, 1.0, 1.0]
['middle_proximal_phalange_mover_offset_r', -0.0, -0.0, -0.0, 0.0, 0.0, 0.0, 1.0, 1.0, 1.0]
['neck_01_mover_offset', 0.0, 0.0, 0.0, 0.0, 0.0, 0.0, 1.0, 1.0, 1.0]
['neck_02_mover_offset', 0.0, 0.0, 0.0, 0.0, 0.0, 0.0, 1.0, 1.0, 1.0]
['padawan_l_01_mover_offset', 0.0, 0.0, 0.0, 0.0, 0.0, 0.0, 1.0, 1.0, 1.0]
['padawan_l_02_mover_offset', 0.0, 0.0, 0.0, 0.0, 0.0, 0.0, 1.0, 1.0, 1.0]
['padawan_r_01_mover_offset', 0.0, 0.0, 0.0, 0.0, 0.0, 0.0, 1.0, 1.0, 1.0]
['padawan_r_02_mover_offset', 0.0, 0.0, 0.0, 0.0, 0.0, 0.0, 1.0, 1.0, 1.0]
['pelvis_mover_offset', 0.0, 0.0, 0.0, 0.0, 0.0, 0.0, 1.0, 1.0, 1.0]
['pinky_01_mover_offset_l', 0.0, 0.0, 0.0, 0.0, 0.0, 0.0, 1.0, 1.0, 1.0]
['pinky_01_mover_offset_r', -0.0, -0.0, -0.0, 0.0, 0.0, 0.0, 1.0, 1.0, 1.0]
['pinky_02_mover_offset_l', 0.0, 0.0, 0.0, 0.0, 0.0, 0.0, 1.0, 1.0, 1.0]
['pinky_02_mover_offset_r', -0.0, -0.0, -0.0, 0.0, 0.0, 0.0, 1.0, 1.0, 1.0]
['pinky_03_mover_offset_l', 0.0, 0.0, 0.0, 0.0, 0.0, 0.0, 1.0, 1.0, 1.0]
['pinky_03_mover_offset_r', -0.0, -0.0, -0.0, 0.0, 0.0, 0.0, 1.0, 1.0, 1.0]
['pinky_distal_phalange_mover_offset_l', 0.0, 0.0, 0.0, 0.0, 0.0, 0.0, 1.0, 1.0, 1.0]
['pinky_distal_phalange_mover_offset_r', -0.0, -0.0, -0.0, 0.0, 0.0, 0.0, 1.0, 1.0, 1.0]
['pinky_metacarpal_mover_offset_l', 0.0, 0.0, 0.0, 0.0, 0.0, 0.0, 1.0, 1.0, 1.0]
['pinky_metacarpal_mover_offset_r', -0.0, -0.0, -0.0, 0.0, 0.0, 0.0, 1.0, 1.0, 1.0]
['pinky_metatarsal_mover_offset_l', 0.0, 0.0, 0.0, 0.0, 0.0, 0.0, 1.0, 1.0, 1.0]
['pinky_metatarsal_mover_offset_r', -0.0, -0.0, -0.0, 0.0, 0.0, 0.0, 1.0, 1.0, 1.0]
['pinky_middle_phalange_mover_offset_l', 0.0, 0.0, 0.0, 0.0, 0.0, 0.0, 1.0, 1.0, 1.0]
['pinky_middle_phalange_mover_offset_r', -0.0, -0.0, -0.0, 0.0, 0.0, 0.0, 1.0, 1.0, 1.0]
['pinky_proximal_phalange_mover_offset_l', 0.0, 0.0, 0.0, 0.0, 0.0, 0.0, 1.0, 1.0, 1.0]
['pinky_proximal_phalange_mover_offset_r', -0.0, -0.0, -0.0, 0.0, 0.0, 0.0, 1.0, 1.0, 1.0]
['pipe_mover_offset', 0.0, 0.0, 0.0, 0.0, 0.0, 0.0, 1.0, 1.0, 1.0]
['ponytail_01_mover_offset', 0.0, 0.0, 0.0, 0.0, 0.0, 0.0, 1.0, 1.0, 1.0]
['ponytail_02_mover_offset', 0.0, 0.0, 0.0, 0.0, 0.0, 0.0, 1.0, 1.0, 1.0]
['ponytail_03_mover_offset', 0.0, 0.0, 0.0, 0.0, 0.0, 0.0, 1.0, 1.0, 1.0]
['ring_01_mover_offset_l', 0.0, 0.0, 0.0, 0.0, 0.0, 0.0, 1.0, 1.0, 1.0]
['ring_01_mover_offset_r', -0.0, -0.0, -0.0, 0.0, 0.0, 0.0, 1.0, 1.0, 1.0]
['ring_02_mover_offset_l', 0.0, 0.0, 0.0, 0.0, 0.0, 0.0, 1.0, 1.0, 1.0]
['ring_02_mover_offset_r', -0.0, -0.0, -0.0, 0.0, 0.0, 0.0, 1.0, 1.0, 1.0]
['ring_03_mover_offset_l', 0.0, 0.0, 0.0, 0.0, 0.0, 0.0, 1.0, 1.0, 1.0]
['ring_03_mover_offset_r', -0.0, -0.0, -0.0, 0.0, 0.0, 0.0, 1.0, 1.0, 1.0]
['ring_distal_phalange_mover_offset_l', 0.0, 0.0, 0.0, 0.0, 0.0, 0.0, 1.0, 1.0, 1.0]
['ring_distal_phalange_mover_offset_r', -0.0, -0.0, -0.0, 0.0, 0.0, 0.0, 1.0, 1.0, 1.0]
['ring_metacarpal_mover_offset_l', 0.0, 0.0, 0.0, 0.0, 0.0, 0.0, 1.0, 1.0, 1.0]
['ring_metacarpal_mover_offset_r', -0.0, -0.0, -0.0, 0.0, 0.0, 0.0, 1.0, 1.0, 1.0]
['ring_metatarsal_mover_offset_l', 0.0, 0.0, 0.0, 0.0, 0.0, 0.0, 1.0, 1.0, 1.0]
['ring_metatarsal_mover_offset_r', -0.0, -0.0, -0.0, 0.0, 0.0, 0.0, 1.0, 1.0, 1.0]
['ring_middle_phalange_mover_offset_l', 0.0, 0.0, 0.0, 0.0, 0.0, 0.0, 1.0, 1.0, 1.0]
['ring_middle_phalange_mover_offset_r', -0.0, -0.0, -0.0, 0.0, 0.0, 0.0, 1.0, 1.0, 1.0]
['ring_proximal_phalange_mover_offset_l', 0.0, 0.0, 0.0, 0.0, 0.0, 0.0, 1.0, 1.0, 1.0]
['ring_proximal_phalange_mover_offset_r', -0.0, -0.0, -0.0, 0.0, 0.0, 0.0, 1.0, 1.0, 1.0]
['shoulder_blade_in_r_mover_offset', 0.0, 0.0, 0.0, 0.0, 0.0, 0.0, 1.0, 1.0, 1.0]
['shoulder_blade_mid_r_mover_offset', 0.0, 0.0, 0.0, 0.0, 0.0, 0.0, 1.0, 1.0, 1.0]
['shoulder_blade_out_r_mover_offset', 0.0, 0.0, 0.0, 0.0, 0.0, 0.0, 1.0, 1.0, 1.0]
['shoulder_cloth_01_l_mover_offset', 0.0, 0.0, 0.0, 0.0, 0.0, 0.0, 1.0, 1.0, 1.0]
['shoulder_cloth_02_l_mover_offset', 0.0, 0.0, 0.0, 0.0, 0.0, 0.0, 1.0, 1.0, 1.0]
['shoulder_pad_r_mover_offset', 0.0, 0.0, 0.0, 0.0, 0.0, 0.0, 1.0, 1.0, 1.0]
['spine_01_mover_offset', 0.0, 0.0, 0.0, 0.0, 0.0, 0.0, 1.0, 1.0, 1.0]
['spine_02_mover_offset', 0.0, 0.0, 0.0, 0.0, 0.0, 0.0, 1.0, 1.0, 1.0]
['spine_03_mover_offset', 0.0, 0.0, 0.0, 0.0, 0.0, 0.0, 1.0, 1.0, 1.0]
['thigh_mover_offset_l', 0.0, 0.0, 0.0, 0.0, 0.0, 0.0, 1.0, 1.0, 1.0]
['thigh_mover_offset_r', -0.0, -0.0, -0.0, 0.0, 0.0, 0.0, 1.0, 1.0, 1.0]
['thigh_twist_01_mover_offset_l', 0.0, 0.0, 0.0, 0.0, 0.0, 0.0, 1.0, 1.0, 1.0]
['thigh_twist_01_mover_offset_r', -0.0, -0.0, -0.0, 0.0, 0.0, 0.0, 1.0, 1.0, 1.0]
['thigh_twist_02_mover_offset_l', 0.0, 0.0, 0.0, 0.0, 0.0, 0.0, 1.0, 1.0, 1.0]
['thigh_twist_02_mover_offset_r', -0.0, -0.0, -0.0, 0.0, 0.0, 0.0, 1.0, 1.0, 1.0]
['thumb_01_mover_offset_l', 0.0, 0.0, 0.0, 0.0, 0.0, 0.0, 1.0, 1.0, 1.0]
['thumb_01_mover_offset_r', -0.0, -0.0, -0.0, 0.0, 0.0, 0.0, 1.0, 1.0, 1.0]
['thumb_02_mover_offset_l', 0.0, 0.0, 0.0, 0.0, 0.0, 0.0, 1.0, 1.0, 1.0]
['thumb_02_mover_offset_r', -0.0, -0.0, -0.0, 0.0, 0.0, 0.0, 1.0, 1.0, 1.0]
['thumb_03_mover_offset_l', 0.0, 0.0, 0.0, 0.0, 0.0, 0.0, 1.0, 1.0, 1.0]
['thumb_03_mover_offset_r', -0.0, -0.0, -0.0, 0.0, 0.0, 0.0, 1.0, 1.0, 1.0]
['upperarm_mover_offset_l', 0.0, 0.0, 0.0, 0.0, 0.0, 0.0, 1.0, 1.0, 1.0]
['upperarm_mover_offset_r', -0.0, -0.0, -0.0, 0.0, 0.0, 0.0, 1.0, 1.0, 1.0]
['upperarm_twist_01_mover_offset_l', 0.0, 0.0, 0.0, 0.0, 0.0, 0.0, 1.0, 1.0, 1.0]
['upperarm_twist_01_mover_offset_r', -0.0, -0.0, -0.0, 0.0, 0.0, 0.0, 1.0, 1.0, 1.0]
['upperarm_twist_02_mover_offset_l', 0.0, 0.0, 0.0, 0.0, 0.0, 0.0, 1.0, 1.0, 1.0]
['upperarm_twist_02_mover_offset_r', -0.0, -0.0, -0.0, 0.0, 0.0, 0.0, 1.0, 1.0, 1.0]
['weapon_bladeA_01_mover_offset', 0.0, 0.0, 0.0, 0.0, 0.0, 0.0, 1.0, 1.0, 1.0]
['weapon_bladeA_02_mover_offset', 0.0, 0.0, 0.0, 0.0, 0.0, 0.0, 1.0, 1.0, 1.0]
['weapon_bladeA_03_mover_offset', 0.0, 0.0, 0.0, 0.0, 0.0, 0.0, 1.0, 1.0, 1.0]
['weapon_bladeA_04_mover_offset', 0.0, 0.0, 0.0, 0.0, 0.0, 0.0, 1.0, 1.0, 1.0]
['weapon_bladeA_05_mover_offset', 0.0, 0.0, 0.0, 0.0, 0.0, 0.0, 1.0, 1.0, 1.0]
['weapon_bladeB_01_mover_offset', 0.0, 0.0, 0.0, 0.0, 0.0, 0.0, 1.0, 1.0, 1.0]
['weapon_bladeB_02_mover_offset', 0.0, 0.0, 0.0, 0.0, 0.0, 0.0, 1.0, 1.0, 1.0]
['weapon_bladeB_03_mover_offset', 0.0, 0.0, 0.0, 0.0, 0.0, 0.0, 1.0, 1.0, 1.0]
['weapon_bladeB_04_mover_offset', 0.0, 0.0, 0.0, 0.0, 0.0, 0.0, 1.0, 1.0, 1.0]
['weapon_bladeB_05_mover_offset', 0.0, 0.0, 0.0, 0.0, 0.0, 0.0, 1.0, 1.0, 1.0]
['weapon_bladeC_01_mover_offset', 0.0, 0.0, 0.0, 0.0, 0.0, 0.0, 1.0, 1.0, 1.0]
['weapon_bladeC_02_mover_offset', 0.0, 0.0, 0.0, 0.0, 0.0, 0.0, 1.0, 1.0, 1.0]
['weapon_bladeC_03_mover_offset', 0.0, 0.0, 0.0, 0.0, 0.0, 0.0, 1.0, 1.0, 1.0]
['weapon_bladeD_01_mover_offset', 0.0, 0.0, 0.0, 0.0, 0.0, 0.0, 1.0, 1.0, 1.0]
['weapon_bladeD_02_mover_offset', 0.0, 0.0, 0.0, 0.0, 0.0, 0.0, 1.0, 1.0, 1.0]
['weapon_bladeE_01_mover_offset', 0.0, 0.0, 0.0, 0.0, 0.0, 0.0, 1.0, 1.0, 1.0]
['weapon_butt_01_mover_offset', 0.0, 0.0, 0.0, 0.0, 0.0, 0.0, 1.0, 1.0, 1.0]
['weapon_butt_02_mover_offset', 0.0, 0.0, 0.0, 0.0, 0.0, 0.0, 1.0, 1.0, 1.0]
['weapon_butt_03_mover_offset', 0.0, 0.0, 0.0, 0.0, 0.0, 0.0, 1.0, 1.0, 1.0]
['weapon_l_mover_offset', 0.0, 0.0, 0.0, 0.0, 0.0, 0.0, 1.0, 1.0, 1.0]
['weapon_mover_offset', 0.0, 0.0, 0.0, 0.0, 0.0, 0.0, 1.0, 1.0, 1.0]
['weapon_r_mover_offset', 0.0, 0.0, 0.0, 0.0, 0.0, 0.0, 1.0, 1.0, 1.0]
['wrist_plate_r_mover_offset', 0.0, 0.0, 0.0, 0.0, 0.0, 0.0, 1.0, 1.0, 1.0]
['back_sash_01_geo_mover', 0.0, 0.0, 0.0, 0.0, 0.0, 0.0, 1.0, 1.0, 1.0]
['back_sash_02_geo_mover', 0.0, 0.0, 0.0, 0.0, 0.0, 0.0, 1.0, 1.0, 1.0]
['back_sash_03_geo_mover', 0.0, 0.0, 0.0, 0.0, 0.0, 0.0, 1.0, 1.0, 1.0]
['ball_geo_mover_l', -10.785207335442442, 2.6205423135993655, -1.4245287392406443, 0.0, 0.0, 1.9292762137158108, 1.0, 1.4984705991459144, 1.0]
['ball_geo_mover_r', -0.0, -0.0, -0.0, 0.0, 0.0, 1.9292762137158108, 1.0, 1.4984705991459144, 1.0]
['bracelet_A_l_geo_mover', 0.0, 0.0, 0.0, 0.0, 0.0, 0.0, 1.0, 1.0, 1.0]
['bracelet_B_l_geo_mover', 0.0, 0.0, 0.0, 0.0, 0.0, 0.0, 1.0, 1.0, 1.0]
['bracelet_C_l_geo_mover', 0.0, 0.0, 0.0, 0.0, 0.0, 0.0, 1.0, 1.0, 1.0]
['calf_geo_mover_l', 0.0, 0.0, 0.0, -0.12832343517274516, 0.8374771017217163, 0.0006602784840921598, 1.0519388671662622, 1.0, 1.0]
['calf_geo_mover_r', -0.0, -0.0, -0.0, -0.12832343517274516, 0.8374771017217163, 0.0006602784840921598, 1.0519388671662622, 1.0, 1.0]
['calf_twist_01_geo_mover_l', 0.0, 0.0, 0.0, 0.0, 0.0, 0.0, 1.0, 1.0, 1.0]
['calf_twist_01_geo_mover_r', -0.0, -0.0, -0.0, 0.0, 0.0, 0.0, 1.0, 1.0, 1.0]
['clavicle_geo_mover_l', 1.682323754936139, 4.726123115529051, 4.332411174669212, 1.7089171986949818, 20.655291666365507, -32.184515374467885, 1.0, 1.0, 1.0]
['clavicle_geo_mover_r', -0.0, -0.0, -0.0, 1.7089171986949818, 20.655291666365507, -32.184515374467885, 1.0, 1.0, 1.0]
['eyeball_l_geo_mover', 0.0, 0.0, 0.0, 0.0, 0.0, 0.0, 1.0, 1.0, 1.0]
['eyeball_r_geo_mover', 0.0, 0.0, 0.0, 0.0, 0.0, 0.0, 1.0, 1.0, 1.0]
['eyebrow_in_l_geo_mover', 0.0, 0.0, 0.0, 0.0, 0.0, 0.0, 1.0, 1.0, 1.0]
['eyebrow_in_r_geo_mover', 0.0, 0.0, 0.0, 0.0, 0.0, 0.0, 1.0, 1.0, 1.0]
['eyebrow_out_l_geo_mover', 0.0, 0.0, 0.0, 0.0, 0.0, 0.0, 1.0, 1.0, 1.0]
['eyebrow_out_r_geo_mover', 0.0, 0.0, 0.0, 0.0, 0.0, 0.0, 1.0, 1.0, 1.0]
['eyelid_bott_l_geo_mover', 0.0, 0.0, 0.0, 0.0, 0.0, 0.0, 1.0, 1.0, 1.0]
['eyelid_bott_r_geo_mover', 0.0, 0.0, 0.0, 0.0, 0.0, 0.0, 1.0, 1.0, 1.0]
['eyelid_top_l_geo_mover', 0.0, 0.0, 0.0, 0.0, 0.0, 0.0, 1.0, 1.0, 1.0]
['eyelid_top_r_geo_mover', 0.0, 0.0, 0.0, 0.0, 0.0, 0.0, 1.0, 1.0, 1.0]
['foot_geo_mover_l', -3.1855366466188335, -4.369950840936668, -1.806942535607005, 3.4319187533879543, -0.10273024997059291, -0.6484948366715438, 2.1638966538218147, 1.2595317848259566, 1.0]
['foot_geo_mover_r', -0.0, -0.0, -0.0, 3.4319187533879543, -0.10273024997059291, -0.6484948366715438, 2.1638966538218147, 1.2595317848259566, 1.0]
['hand_geo_mover_l', 0.0, 0.0, 0.0, 0.0, 0.0, 8.013665654465331, 1.3164280803301474, 1.0, 1.1589555723766234]
['hand_geo_mover_r', -0.0, -0.0, -0.0, 0.0, 0.0, 8.013665654465331, 1.3164280803301474, 1.0, 1.1589555723766234]
['head_geo_mover', -6.14956286114754, -1.251769942105487, 1.0609372718869489e-16, 0.0, 0.0, 0.0, 0.9068868071187987, 0.9109182737154617, 0.8679832491603627]
['hip_back_flaps_geo_mover', 0.0, 0.0, 0.0, 0.0, 0.0, 0.0, 1.0, 1.0, 1.0]
['hip_eyelet_front_l_01_geo_mover', 0.0, 0.0, 0.0, 0.0, 0.0, 0.0, 0.25, 1.0, 0.25]
['hip_eyelet_front_l_02_geo_mover', 0.0, 0.0, 0.0, 0.0, 0.0, 0.0, 0.25, 1.0, 0.25]
['hip_eyelet_front_l_03_geo_mover', 0.0, 0.0, 0.0, 0.0, 0.0, 0.0, 0.25, 1.0, 0.25]
['hip_eyelet_front_r_01_geo_mover', 0.0, 0.0, 0.0, 0.0, 0.0, 0.0, 0.25, 1.0, 0.25]
['hip_eyelet_front_r_02_geo_mover', 0.0, 0.0, 0.0, 0.0, 0.0, 0.0, 0.25, 1.0, 0.25]
['hip_eyelet_front_r_03_geo_mover', 0.0, 0.0, 0.0, 0.0, 0.0, 0.0, 0.25, 1.0, 0.25]
['hip_eyelet_rear_l_01_geo_mover', 0.0, 0.0, 0.0, 0.0, 0.0, 0.0, 0.25, 1.0, 0.25]
['hip_eyelet_rear_l_02_geo_mover', 0.0, 0.0, 0.0, 0.0, 0.0, 0.0, 0.25, 1.0, 0.25]
['hip_eyelet_rear_l_03_geo_mover', 0.0, 0.0, 0.0, 0.0, 0.0, 0.0, 0.25, 1.0, 0.25]
['hip_eyelet_rear_r_01_geo_mover', 0.0, 0.0, 0.0, 0.0, 0.0, 0.0, 0.25, 1.0, 0.25]
['hip_eyelet_rear_r_02_geo_mover', 0.0, 0.0, 0.0, 0.0, 0.0, 0.0, 0.25, 1.0, 0.25]
['hip_eyelet_rear_r_03_geo_mover', 0.0, 0.0, 0.0, 0.0, 0.0, 0.0, 0.25, 1.0, 0.25]
['index_01_geo_mover_l', 1.4353515421060261, -3.1554436208840472e-30, -1.4179825886731042e-14, 0.0, 0.0, 0.0, 1.0, 1.0, 1.0]
['index_01_geo_mover_r', -0.0, -0.0, -0.0, 0.0, 0.0, 0.0, 1.0, 1.0, 1.0]
['index_02_geo_mover_l', 0.7130912332539232, 5.671930354692412e-14, -0.34385861924582023, 0.0, 4.165375590338161, 0.0, 1.0, 1.0, 0.9398617189098057]
['index_02_geo_mover_r', -0.0, -0.0, -0.0, 0.0, 4.165375590338161, 0.0, 1.0, 1.0, 0.9398617189098057]
['index_03_geo_mover_l', 0.7461989023440705, 2.4901710583954835e-17, -0.40690378794484805, 0.0, 0.0, 0.0, 1.3200808849056007, 1.0, 0.9516605934032789]
['index_03_geo_mover_r', -0.0, -0.0, -0.0, 0.0, 0.0, 0.0, 1.3200808849056007, 1.0, 0.9516605934032789]
['jaw_geo_mover', 0.0, 0.0, 0.0, 0.0, 0.0, 0.0, 1.0, 1.0, 1.0]
['leg_shieldPad_A_l_geo_mover', 0.0, 0.0, 0.0, 0.0, 0.0, 0.0, 1.0, 1.0, 1.0]
['leg_shieldPad_A_r_geo_mover', 0.0, 0.0, 0.0, 0.0, 0.0, 0.0, 1.0, 1.0, 1.0]
['leg_shieldPad_B_l_geo_mover', 0.0, 0.0, 0.0, 0.0, 0.0, 0.0, 1.0, 1.0, 1.0]
['leg_shieldPad_B_r_geo_mover', 0.0, 0.0, 0.0, 0.0, 0.0, 0.0, 1.0, 1.0, 1.0]
['loin_cloth_bk_01_geo_mover', 0.0, 0.0, 0.0, 0.0, 0.0, 0.0, 1.0, 1.0, 1.0]
['loin_cloth_bk_02_geo_mover', 0.0, 0.0, 0.0, 0.0, 0.0, 0.0, 1.0, 1.0, 1.0]
['loin_cloth_fr_01_geo_mover', 0.0, 0.0, 0.0, 0.0, 0.0, 0.0, 1.0, 1.0, 1.0]
['loin_cloth_fr_02_geo_mover', 0.0, 0.0, 0.0, 0.0, 0.0, 0.0, 1.0, 1.0, 1.0]
['lowerarm_geo_mover_l', 0.12356059809110397, 2.125777170923991, -2.638902019159379, 0.028610277808684165, -1.7269449007378415, -0.94927551962739, 1.0, 0.8670317094391236, 0.9250201992962015]
['lowerarm_geo_mover_r', -0.1235605999827385, -2.125777244567871, 2.638901948928833, 0.028610277808684165, -1.7269449007378415, -0.94927551962739, 1.0, 0.8670317094391236, 0.9250201992962015]
['lowerarm_twist_01_geo_mover_l', 0.0, 0.0, 0.0, 0.0, 0.0, 0.0, 1.0, 1.0, 1.0]
['lowerarm_twist_01_geo_mover_r', -0.0, -0.0, -0.0, 0.0, 0.0, 0.0, 1.0, 1.0, 1.0]
['middle_01_geo_mover_l', 1.286447554615121, -2.842170943040428e-14, 3.552713678800526e-15, 0.0, 0.0, 0.0, 1.0, 1.0, 1.0]
['middle_01_geo_mover_r', -0.0, -0.0, -0.0, 0.0, 0.0, 0.0, 1.0, 1.0, 1.0]
['middle_02_geo_mover_l', 1.066991784708575, 2.8402736959938434e-14, -0.3368824619061089, 0.0, 1.471334109419579, 0.0, 1.0, 1.0, 0.8861326731713974]
['middle_02_geo_mover_r', -0.0, -0.0, -0.0, 0.0, 1.471334109419579, 0.0, 1.0, 1.0, 0.8861326731713974]
['middle_03_geo_mover_l', 1.420969173315093, 5.683725813580763e-14, -0.27665512003582005, 0.0, 4.500565945514975, 0.0, 1.0, 1.0, 0.8255401348026097]
['middle_03_geo_mover_r', -0.0, -0.0, -0.0, 0.0, 4.500565945514975, 0.0, 1.0, 1.0, 0.8255401348026097]
['neck_01_geo_mover', 4.76417602262638, -2.8310687127941492e-14, 8.326672684688673e-16, 0.0, 0.0, 0.0, 1.0, 1.0, 1.0]
['neck_02_geo_mover', 0.0, 0.0, 0.0, 0.0, 0.0, 0.0, 1.0, 1.0, 1.0]
['padawan_l_01_geo_mover', 0.0, 0.0, 0.0, 0.0, 0.0, 0.0, 1.0, 1.0, 1.0]
['padawan_l_02_geo_mover', 0.0, 0.0, 0.0, 0.0, 0.0, 0.0, 1.0, 1.0, 1.0]
['padawan_r_01_geo_mover', 0.0, 0.0, 0.0, 0.0, 0.0, 0.0, 1.0, 1.0, 1.0]
['padawan_r_02_geo_mover', 0.0, 0.0, 0.0, 0.0, 0.0, 0.0, 1.0, 1.0, 1.0]
['pelvis_geo_mover', 5.871753149744216, 1.3361290786031466, 1.9918759004876607e-15, 0.0, 0.0, 12.819479510998413, 1.1755331495172046, 0.9758503512405232, 0.9239521646280155]
['pinky_01_geo_mover_l', 0.9803721777551907, 1.1370119646212105e-13, 1.417982588673103e-14, 0.0, 0.0, 0.0, 1.0, 1.0, 1.0]
['pinky_01_geo_mover_r', -0.0, -0.0, -0.0, 0.0, 0.0, 0.0, 1.0, 1.0, 1.0]
['pinky_02_geo_mover_l', 0.8279729413432756, -2.835965177346206e-14, -3.5449564716827517e-15, 0.0, 0.0, 0.0, 1.0, 1.0, 1.0]
['pinky_02_geo_mover_r', -0.0, -0.0, -0.0, 0.0, 0.0, 0.0, 1.0, 1.0, 1.0]
['pinky_03_geo_mover_l', 5.710876696576603e-14, 1.262177448353619e-29, -0.21434070519792625, 0.0, 0.0, 0.0, 1.0, 1.0, 0.7908658117237158]
['pinky_03_geo_mover_r', -0.0, -0.0, -0.0, 0.0, 0.0, 0.0, 1.0, 1.0, 0.7908658117237158]
['pipe_geo_mover', 0.0, 0.0, 0.0, 0.0, 0.0, 0.0, 1.0, 1.0, 1.0]
['ponytail_01_geo_mover', 0.0, 0.0, 0.0, 0.0, 0.0, 0.0, 1.0, 1.0, 1.0]
['ponytail_02_geo_mover', 0.0, 0.0, 0.0, 0.0, 0.0, 0.0, 1.0, 1.0, 1.0]
['ponytail_03_geo_mover', 0.0, 0.0, 0.0, 0.0, 0.0, 0.0, 1.0, 1.0, 1.0]
['ring_01_geo_mover_l', 0.859494743913883, 5.671930354692418e-14, -0.2851637987119905, 0.0, 0.0, 0.0, 1.0, 1.0, 1.0]
['ring_01_geo_mover_r', -0.0, -0.0, -0.0, 0.0, 0.0, 0.0, 1.0, 1.0, 1.0]
['ring_02_geo_mover_l', 1.2264216533824366, -3.470987982972452e-29, 3.5449564716827553e-15, 0.0, 0.0, 0.0, 1.0, 1.0, 1.0]
['ring_02_geo_mover_r', -0.0, -0.0, -0.0, 0.0, 0.0, 0.0, 1.0, 1.0, 1.0]
['ring_03_geo_mover_l', -2.8742451531046324e-14, 2.845502701573587e-14, -0.24149086654458424, 0.0, -2.72065705932712, 0.0, 1.0, 1.0, 0.9135941935542956]
['ring_03_geo_mover_r', -0.0, -0.0, -0.0, 0.0, -2.72065705932712, 0.0, 1.0, 1.0, 0.9135941935542956]
['shoulder_blade_in_r_geo_mover', 0.0, 0.0, 0.0, 0.0, 0.0, 0.0, 1.0, 1.0, 1.0]
['shoulder_blade_mid_r_geo_mover', 0.0, 0.0, 0.0, 0.0, 0.0, 0.0, 1.0, 1.0, 1.0]
['shoulder_blade_out_r_geo_mover', 0.0, 0.0, 0.0, 0.0, 0.0, 0.0, 1.0, 1.0, 1.0]
['shoulder_cloth_01_l_geo_mover', 0.0, 0.0, 0.0, 0.0, 0.0, 0.0, 1.0, 1.0, 1.0]
['shoulder_cloth_02_l_geo_mover', 0.0, 0.0, 0.0, 0.0, 0.0, 0.0, 1.0, 1.0, 1.0]
['shoulder_pad_r_geo_mover', 0.0, 0.0, 0.0, 0.0, 0.0, 0.0, 1.0, 1.0, 1.0]
['spine_01_geo_mover', 9.646460922272505, -1.3534138470154364, -2.7755575615628898e-15, 0.0, 0.0, -27.35896329785752, 1.0, 1.0, 1.0]
['spine_02_geo_mover', -18.035967460778505, -8.548717289613694e-14, -1.3877787807814453e-15, 0.0, 0.0, -11.655622744576759, 1.1252149909088738, 1.0, 1.0]
['spine_03_geo_mover', 2.6830725897118444, -3.533167188914242, 1.6796998320208886e-15, 0.0, 0.0, 8.28847927628987, 1.4202321058041079, 1.0, 1.0]
['thigh_geo_mover_l', -1.7053025658086503e-13, 8.881784197844174e-16, -4.1638159575290405, 0.0, 0.0, 5.018330169411041, 1.1167268508936015, 1.1281389110351852, 1.0]
['thigh_geo_mover_r', 1.7053025658242404e-13, -8.881784197001252e-16, 4.163815975189209, 0.0, 0.0, 5.018330169411041, 1.1167268508936015, 1.1281389110351852, 1.0]
['thigh_twist_01_geo_mover_l', 0.0, 0.0, 0.0, 0.0, 0.0, 0.0, 1.0, 1.0, 1.0]
['thigh_twist_01_geo_mover_r', -0.0, -0.0, -0.0, 0.0, 0.0, 0.0, 1.0, 1.0, 1.0]
['thigh_twist_02_geo_mover_l', 0.0, 0.0, 0.0, 0.0, 0.0, 0.0, 1.0, 1.0, 1.0]
['thigh_twist_02_geo_mover_r', -0.0, -0.0, -0.0, 0.0, 0.0, 0.0, 1.0, 1.0, 1.0]
['thumb_01_geo_mover_l', 0.8918761746322444, -0.14835151661959495, 1.3337927291415332, 0.0, 0.0, 0.0, 1.0, 1.0, 1.0]
['thumb_01_geo_mover_r', -0.0, -0.0, -0.0, 0.0, 0.0, 0.0, 1.0, 1.0, 1.0]
['thumb_02_geo_mover_l', 1.5399244744777123, -7.888609052210118e-30, -2.842206736028584e-14, 0.0, 0.0, 0.0, 0.9206445090992539, 1.2052583695835044, 1.0]
['thumb_02_geo_mover_r', -0.0, -0.0, -0.0, 0.0, 0.0, 0.0, 0.9206445090992539, 1.2052583695835044, 1.0]
['thumb_03_geo_mover_l', 1.651667784202426, 1.190583000800247, 5.685059823106055e-14, 0.0, 0.0, 10.192460505605707, 1.0, 1.0920449147366025, 1.0]
['thumb_03_geo_mover_r', -0.0, -0.0, -0.0, 0.0, 0.0, 10.192460505605707, 1.0, 1.0920449147366025, 1.0]
['upperarm_geo_mover_l', 1.0293355152048527, -1.236484826851244, -0.787948731609116, 0.0, 0.0, 0.0, 0.850959226597753, 1.0, 0.8823757935458189]
['upperarm_geo_mover_r', -1.0293354988098145, 1.2364848852157593, 0.787948727607727, 0.0, 0.0, 0.0, 0.850959226597753, 1.0, 0.8823757935458189]
['upperarm_twist_01_geo_mover_l', 0.0, 0.0, 0.0, 0.0, 0.0, 0.0, 1.0, 1.0, 1.0]
['upperarm_twist_01_geo_mover_r', -0.0, -0.0, -0.0, 0.0, 0.0, 0.0, 1.0, 1.0, 1.0]
['upperarm_twist_02_geo_mover_l', 0.0, 0.0, 0.0, 0.0, 0.0, 0.0, 1.0, 1.0, 1.0]
['upperarm_twist_02_geo_mover_r', -0.0, -0.0, -0.0, 0.0, 0.0, 0.0, 1.0, 1.0, 1.0]
['weapon_bladeA_01_geo_mover', 0.0, 0.0, 0.0, 0.0, 0.0, 0.0, 1.0, 1.0, 1.0]
['weapon_bladeA_02_geo_mover', 0.0, 0.0, 0.0, 0.0, 0.0, 0.0, 1.0, 1.0, 1.0]
['weapon_bladeA_03_geo_mover', 0.0, 0.0, 0.0, 0.0, 0.0, 0.0, 1.0, 1.0, 1.0]
['weapon_bladeA_04_geo_mover', 0.0, 0.0, 0.0, 0.0, 0.0, 0.0, 1.0, 1.0, 1.0]
['weapon_bladeA_05_geo_mover', 0.0, 0.0, 0.0, 0.0, 0.0, 0.0, 1.0, 1.0, 1.0]
['weapon_bladeB_01_geo_mover', 0.0, 0.0, 0.0, 0.0, 0.0, 0.0, 1.0, 1.0, 1.0]
['weapon_bladeB_02_geo_mover', 0.0, 0.0, 0.0, 0.0, 0.0, 0.0, 1.0, 1.0, 1.0]
['weapon_bladeB_03_geo_mover', 0.0, 0.0, 0.0, 0.0, 0.0, 0.0, 1.0, 1.0, 1.0]
['weapon_bladeB_04_geo_mover', 0.0, 0.0, 0.0, 0.0, 0.0, 0.0, 1.0, 1.0, 1.0]
['weapon_bladeB_05_geo_mover', 0.0, 0.0, 0.0, 0.0, 0.0, 0.0, 1.0, 1.0, 1.0]
['weapon_bladeC_01_geo_mover', 0.0, 0.0, 0.0, 0.0, 0.0, 0.0, 1.0, 1.0, 1.0]
['weapon_bladeC_02_geo_mover', 0.0, 0.0, 0.0, 0.0, 0.0, 0.0, 1.0, 1.0, 1.0]
['weapon_bladeC_03_geo_mover', 0.0, 0.0, 0.0, 0.0, 0.0, 0.0, 1.0, 1.0, 1.0]
['weapon_bladeD_01_geo_mover', 0.0, 0.0, 0.0, 0.0, 0.0, 0.0, 1.0, 1.0, 1.0]
['weapon_bladeD_02_geo_mover', 0.0, 0.0, 0.0, 0.0, 0.0, 0.0, 1.0, 1.0, 1.0]
['weapon_bladeE_01_geo_mover', 0.0, 0.0, 0.0, 0.0, 0.0, 0.0, 1.0, 1.0, 1.0]
['weapon_butt_01_geo_mover', 0.0, 0.0, 0.0, 0.0, 0.0, 0.0, 1.0, 1.0, 1.0]
['weapon_butt_02_geo_mover', 0.0, 0.0, 0.0, 0.0, 0.0, 0.0, 1.0, 1.0, 1.0]
['weapon_butt_03_geo_mover', 0.0, 0.0, 0.0, 0.0, 0.0, 0.0, 1.0, 1.0, 1.0]
['weapon_geo_mover', 0.0, 0.0, 0.0, 0.0, 0.0, 0.0, 1.0, 1.0, 1.0]
['weapon_l_geo_mover', 0.0, 0.0, 0.0, 0.0, 0.0, 0.0, 1.0, 1.0, 1.0]
['weapon_r_geo_mover', 0.0, 0.0, 0.0, 0.0, 0.0, 0.0, 1.0, 1.0, 1.0]
['wrist_plate_r_geo_mover', 0.0, 0.0, 0.0, 0.0, 0.0, 0.0, 1.0, 1.0, 1.0]
['back_sash_01_lra', 0.0, 0.0, 0.0, 0.0, 0.0, 0.0, 1.0, 1.0, 1.0]
['back_sash_02_lra', 0.0, 0.0, 0.0, 0.0, 0.0, 0.0, 1.0, 1.0, 1.0]
['back_sash_03_lra', 0.0, 0.0, 0.0, 0.0, 0.0, 0.0, 1.0, 1.0, 1.0]
['ball_l_lra', 0.0, 0.0, 0.0, 0.0, 0.0, 0.0, 1.0, 1.0, 1.0]
['ball_r_lra', 0.0, 0.0, 0.0, 0.0, 0.0, 0.0, 1.0, 1.0, 1.0]
['bigtoe_distal_phalange_l_lra', 0.0, 0.0, 0.0, 0.0, 0.0, 0.0, 1.0, 1.0, 1.0]
['bigtoe_distal_phalange_r_lra', 0.0, 0.0, 0.0, 0.0, 0.0, 0.0, 1.0, 1.0, 1.0]
['bigtoe_metatarsal_l_lra', 0.0, 0.0, 0.0, 0.0, 0.0, 0.0, 1.0, 1.0, 1.0]
['bigtoe_metatarsal_r_lra', 0.0, 0.0, 0.0, 0.0, 0.0, 0.0, 1.0, 1.0, 1.0]
['bigtoe_proximal_phalange_l_lra', 0.0, 0.0, 0.0, 0.0, 0.0, 0.0, 1.0, 1.0, 1.0]
['bigtoe_proximal_phalange_r_lra', 0.0, 0.0, 0.0, 0.0, 0.0, 0.0, 1.0, 1.0, 1.0]
['bracelet_A_l_lra', 0.0, 0.0, 0.0, 0.0, 0.0, 0.0, 1.0, 1.0, 1.0]
['bracelet_B_l_lra', 0.0, 0.0, 0.0, 0.0, 0.0, 0.0, 1.0, 1.0, 1.0]
['bracelet_C_l_lra', 0.0, 0.0, 0.0, 0.0, 0.0, 0.0, 1.0, 1.0, 1.0]
['calf_l_lra', 0.0, 0.0, 0.0, 0.0, 0.0, 0.0, 1.0, 1.0, 1.0]
['calf_r_lra', 0.0, 0.0, 0.0, 0.0, 0.0, 0.0, 1.0, 1.0, 1.0]
['calf_twist_01_l_lra', 0.0, 0.0, 0.0, 0.0, 0.0, 0.0, 1.0, 1.0, 1.0]
['calf_twist_01_r_lra', 0.0, 0.0, 0.0, 0.0, 0.0, 0.0, 1.0, 1.0, 1.0]
['clavicle_l_lra', 0.0, -1.887379141862766e-15, 0.0, -1.987846675914698e-16, -0.0, 0.0, 1.0, 1.0, 1.0]
['clavicle_r_lra', 0.0, 0.0, 0.0, 0.0, 0.0, 0.0, 1.0, 1.0, 1.0]
['eyeball_l_lra', 0.0, 0.0, 0.0, 0.0, 0.0, 0.0, 1.0, 1.0, 1.0]
['eyeball_r_lra', 0.0, 0.0, 0.0, 0.0, 0.0, 0.0, 1.0, 1.0, 1.0]
['eyebrow_in_l_lra', 0.0, 0.0, 0.0, 0.0, 0.0, 0.0, 1.0, 1.0, 1.0]
['eyebrow_in_r_lra', 0.0, 0.0, 0.0, 0.0, 0.0, 0.0, 1.0, 1.0, 1.0]
['eyebrow_out_l_lra', 0.0, 0.0, 0.0, 0.0, 0.0, 0.0, 1.0, 1.0, 1.0]
['eyebrow_out_r_lra', 0.0, 0.0, 0.0, 0.0, 0.0, 0.0, 1.0, 1.0, 1.0]
['eyelid_bott_l_lra', 0.0, 0.0, 0.0, 0.0, 0.0, 0.0, 1.0, 1.0, 1.0]
['eyelid_bott_r_lra', 0.0, 0.0, 0.0, 0.0, 0.0, 0.0, 1.0, 1.0, 1.0]
['eyelid_top_l_lra', 0.0, 0.0, 0.0, 0.0, 0.0, 0.0, 1.0, 1.0, 1.0]
['eyelid_top_r_lra', 0.0, 0.0, 0.0, 0.0, 0.0, 0.0, 1.0, 1.0, 1.0]
['foot_l_lra', 0.0, 0.0, 0.0, 0.0, 0.0, 0.0, 1.0, 1.0, 1.0]
['foot_r_lra', 0.0, 0.0, 0.0, 0.0, 0.0, 0.0, 1.0, 1.0, 1.0]
['hand_l_lra', 0.0, 0.0, 0.0, 0.0, 0.0, 0.0, 1.0, 1.0, 1.0]
['hand_r_lra', 0.0, 0.0, 0.0, 0.0, 0.0, 0.0, 1.0, 1.0, 1.0]
['head_lra', -5.684341886080802e-14, 8.881784197001252e-16, 0.0, -3.531125038440126e-31, -1.2722218725854073e-14, 0.0, 1.0000000000000002, 1.0000000000000002, 1.0]
['hip_back_flaps_lra', 0.0, 0.0, 0.0, 0.0, 0.0, 0.0, 1.0, 1.0, 1.0]
['hip_eyelet_front_l_01_lra', 0.0, 0.0, 0.0, 0.0, 0.0, 0.0, 1.0, 1.0, 1.0]
['hip_eyelet_front_l_02_lra', 0.0, 0.0, 0.0, 0.0, 0.0, 0.0, 1.0, 1.0, 1.0]
['hip_eyelet_front_l_03_lra', 0.0, 0.0, 0.0, 0.0, 0.0, 0.0, 1.0, 1.0, 1.0]
['hip_eyelet_front_r_01_lra', 0.0, 0.0, 0.0, 0.0, 0.0, 0.0, 1.0, 1.0, 1.0]
['hip_eyelet_front_r_02_lra', 0.0, 0.0, 0.0, 0.0, 0.0, 0.0, 1.0, 1.0, 1.0]
['hip_eyelet_front_r_03_lra', 0.0, 0.0, 0.0, 0.0, 0.0, 0.0, 1.0, 1.0, 1.0]
['hip_eyelet_rear_l_01_lra', 0.0, 0.0, 0.0, 0.0, 0.0, 0.0, 1.0, 1.0, 1.0]
['hip_eyelet_rear_l_02_lra', 0.0, 0.0, 0.0, 0.0, 0.0, 0.0, 1.0, 1.0, 1.0]
['hip_eyelet_rear_l_03_lra', 0.0, 0.0, 0.0, 0.0, 0.0, 0.0, 1.0, 1.0, 1.0]
['hip_eyelet_rear_r_01_lra', 0.0, 0.0, 0.0, 0.0, 0.0, 0.0, 1.0, 1.0, 1.0]
['hip_eyelet_rear_r_02_lra', 0.0, 0.0, 0.0, 0.0, 0.0, 0.0, 1.0, 1.0, 1.0]
['hip_eyelet_rear_r_03_lra', 0.0, 0.0, 0.0, 0.0, 0.0, 0.0, 1.0, 1.0, 1.0]
['index_01_l_lra', 8.526512829121202e-14, 2.842170943040401e-14, -3.552713678800501e-15, 1.90833280887811e-14, -4.770832022195275e-15, -3.1805546814635168e-15, 1.0, 1.0, 1.0000000000000002]
['index_01_r_lra', 0.0, 0.0, 0.0, 0.0, 0.0, 0.0, 1.0, 1.0, 1.0]
['index_02_l_lra', 5.684341886080802e-14, 2.842170943040401e-14, 0.0, 1.3517357396219947e-14, -6.361109362927032e-15, 9.541664044390547e-15, 1.0000000000000002, 1.0, 1.0000000000000002]
['index_02_r_lra', 0.0, 0.0, 0.0, 0.0, 0.0, 0.0, 1.0, 1.0, 1.0]
['index_03_l_lra', 2.842170943040401e-14, 0.0, 3.552713678800501e-15, 1.1927080055488182e-15, 7.951386703658789e-15, -3.180554681463515e-15, 1.0000000000000004, 1.0000000000000004, 1.0000000000000004]
['index_03_r_lra', 0.0, 0.0, 0.0, 0.0, 0.0, 0.0, 1.0, 1.0, 1.0]
['index_distal_phalange_l_lra', 0.0, 0.0, 0.0, 0.0, 0.0, 0.0, 1.0, 1.0, 1.0]
['index_distal_phalange_r_lra', 0.0, 0.0, 0.0, 0.0, 0.0, 0.0, 1.0, 1.0, 1.0]
['index_metacarpal_l_lra', 0.0, 0.0, 0.0, 0.0, 0.0, 0.0, 1.0, 1.0, 1.0]
['index_metacarpal_r_lra', 2.842170943040401e-14, -2.842170943040401e-14, 3.1086244689504383e-15, -2.902256146835458e-14, 7.15624803329291e-15, 3.180554681463515e-15, 1.0000000000000004, 1.0000000000000004, 1.0000000000000004]
['index_metatarsal_l_lra', 0.0, 0.0, 0.0, 0.0, 0.0, 0.0, 1.0, 1.0, 1.0]
['index_metatarsal_r_lra', 0.0, 0.0, 0.0, 0.0, 0.0, 0.0, 1.0, 1.0, 1.0]
['index_middle_phalange_l_lra', 0.0, 0.0, 0.0, 0.0, 0.0, 0.0, 1.0, 1.0, 1.0]
['index_middle_phalange_r_lra', 0.0, 0.0, 0.0, 0.0, 0.0, 0.0, 1.0, 1.0, 1.0]
['index_proximal_phalange_l_lra', 0.0, 0.0, 0.0, 0.0, 0.0, 0.0, 1.0, 1.0, 1.0]
['index_proximal_phalange_r_lra', 0.0, 0.0, 0.0, 0.0, 0.0, 0.0, 1.0, 1.0, 1.0]
['jaw_lra', 0.0, 0.0, 0.0, 0.0, 0.0, 0.0, 1.0, 1.0, 1.0]
['leg_shieldPad_A_l_lra', 0.0, 0.0, 0.0, 0.0, 0.0, 0.0, 1.0, 1.0, 1.0]
['leg_shieldPad_A_r_lra', 0.0, 0.0, 0.0, 0.0, 0.0, 0.0, 1.0, 1.0, 1.0]
['leg_shieldPad_B_l_lra', 0.0, 0.0, 0.0, 0.0, 0.0, 0.0, 1.0, 1.0, 1.0]
['leg_shieldPad_B_r_lra', 0.0, 0.0, 0.0, 0.0, 0.0, 0.0, 1.0, 1.0, 1.0]
['loin_cloth_bk_01_lra', 0.0, 0.0, 0.0, 0.0, 0.0, 0.0, 1.0, 1.0, 1.0]
['loin_cloth_bk_02_lra', 0.0, 0.0, 0.0, 0.0, 0.0, 0.0, 1.0, 1.0, 1.0]
['loin_cloth_fr_01_lra', 0.0, 0.0, 0.0, 0.0, 0.0, 0.0, 1.0, 1.0, 1.0]
['loin_cloth_fr_02_lra', 0.0, 0.0, 0.0, 0.0, 0.0, 0.0, 1.0, 1.0, 1.0]
['lowerarm_l_lra', 2.842170943040401e-14, 7.105427357601002e-15, -2.842170943040401e-14, -1.1927080055488188e-15, -3.1805546814635168e-15, 1.5902773407317584e-15, 1.0, 1.0, 0.9999999999999999]
['lowerarm_r_lra', 0.0, 0.0, 0.0, 0.0, 0.0, 0.0, 1.0, 1.0, 1.0]
['lowerarm_twist_01_l_lra', 0.0, 0.0, 0.0, 0.0, 0.0, 0.0, 1.0, 1.0, 1.0]
['lowerarm_twist_01_r_lra', 0.0, 0.0, 0.0, 0.0, 0.0, 0.0, 1.0, 1.0, 1.0]
['middle_01_l_lra', 0.0, 0.0, 0.0, 0.0, 0.0, 0.0, 1.0, 1.0, 1.0]
['middle_01_r_lra', 0.0, 0.0, 0.0, 0.0, 0.0, 0.0, 1.0, 1.0, 1.0]
['middle_02_l_lra', 0.0, 0.0, 0.0, 0.0, 0.0, 0.0, 1.0, 1.0, 1.0]
['middle_02_r_lra', 0.0, 0.0, 0.0, 0.0, 0.0, 0.0, 1.0, 1.0, 1.0]
['middle_03_l_lra', 1.4210854715202004e-13, 2.842170943040401e-14, 0.0, -7.355032700884382e-15, -9.939233379573493e-15, 0.0, 0.9999999999999998, 1.0, 1.0]
['middle_03_r_lra', 0.0, 0.0, 0.0, 0.0, 0.0, 0.0, 1.0, 1.0, 1.0]
['middle_distal_phalange_l_lra', 0.0, 0.0, 0.0, 0.0, 0.0, 0.0, 1.0, 1.0, 1.0]
['middle_distal_phalange_r_lra', 0.0, 0.0, 0.0, 0.0, 0.0, 0.0, 1.0, 1.0, 1.0]
['middle_metacarpal_l_lra', 0.0, 0.0, 0.0, 0.0, 0.0, 0.0, 1.0, 1.0, 1.0]
['middle_metacarpal_r_lra', 0.0, 0.0, 0.0, 0.0, 0.0, 0.0, 1.0, 1.0, 1.0]
['middle_metatarsal_l_lra', 0.0, 0.0, 0.0, 0.0, 0.0, 0.0, 1.0, 1.0, 1.0]
['middle_metatarsal_r_lra', 0.0, 0.0, 0.0, 0.0, 0.0, 0.0, 1.0, 1.0, 1.0]
['middle_middle_phalange_l_lra', 0.0, 0.0, 0.0, 0.0, 0.0, 0.0, 1.0, 1.0, 1.0]
['middle_middle_phalange_r_lra', 0.0, 0.0, 0.0, 0.0, 0.0, 0.0, 1.0, 1.0, 1.0]
['middle_proximal_phalange_l_lra', 0.0, 0.0, 0.0, 0.0, 0.0, 0.0, 1.0, 1.0, 1.0]
['middle_proximal_phalange_r_lra', 0.0, 0.0, 0.0, 0.0, 0.0, 0.0, 1.0, 1.0, 1.0]
['neck_01_lra', 0.0, 0.0, 0.0, 0.0, 0.0, 0.0, 1.0, 1.0, 1.0]
['neck_02_lra', 0.0, 0.0, 0.0, 0.0, 0.0, 0.0, 1.0, 1.0, 1.0]
['padawan_l_01_lra', 0.0, 0.0, 0.0, 0.0, 0.0, 0.0, 1.0, 1.0, 1.0]
['padawan_l_02_lra', 0.0, 0.0, 0.0, 0.0, 0.0, 0.0, 1.0, 1.0, 1.0]
['padawan_r_01_lra', 0.0, 0.0, 0.0, 0.0, 0.0, 0.0, 1.0, 1.0, 1.0]
['padawan_r_02_lra', 0.0, 0.0, 0.0, 0.0, 0.0, 0.0, 1.0, 1.0, 1.0]
['pelvis_lra', 0.0, 0.0, 0.0, 0.0, 0.0, 0.0, 1.0, 1.0, 1.0]
['pinky_01_l_lra', 0.0, 0.0, 0.0, -1.1927080055488186e-14, 3.1805546814635168e-15, -6.3611093629270335e-15, 1.0, 1.0000000000000002, 1.0000000000000002]
['pinky_01_r_lra', 0.0, 0.0, 0.0, 0.0, 0.0, 0.0, 1.0, 1.0, 1.0]
['pinky_02_l_lra', 0.0, 0.0, 0.0, 0.0, 0.0, 0.0, 1.0, 1.0, 1.0]
['pinky_02_r_lra', 0.0, 0.0, 0.0, 0.0, 0.0, 0.0, 1.0, 1.0, 1.0]
['pinky_03_l_lra', 0.0, 0.0, 0.0, 0.0, 0.0, 0.0, 1.0, 1.0, 1.0]
['pinky_03_r_lra', 0.0, 0.0, 0.0, 0.0, 0.0, 0.0, 1.0, 1.0, 1.0]
['pinky_distal_phalange_l_lra', 0.0, 0.0, 0.0, 0.0, 0.0, 0.0, 1.0, 1.0, 1.0]
['pinky_distal_phalange_r_lra', 0.0, 0.0, 0.0, 0.0, 0.0, 0.0, 1.0, 1.0, 1.0]
['pinky_metacarpal_l_lra', 0.0, 0.0, 0.0, 0.0, 0.0, 0.0, 1.0, 1.0, 1.0]
['pinky_metacarpal_r_lra', 0.0, 0.0, 0.0, 0.0, 0.0, 0.0, 1.0, 1.0, 1.0]
['pinky_metatarsal_l_lra', 0.0, 0.0, 0.0, 0.0, 0.0, 0.0, 1.0, 1.0, 1.0]
['pinky_metatarsal_r_lra', 0.0, 0.0, 0.0, 0.0, 0.0, 0.0, 1.0, 1.0, 1.0]
['pinky_middle_phalange_l_lra', 0.0, 0.0, 0.0, 0.0, 0.0, 0.0, 1.0, 1.0, 1.0]
['pinky_middle_phalange_r_lra', 0.0, 0.0, 0.0, 0.0, 0.0, 0.0, 1.0, 1.0, 1.0]
['pinky_proximal_phalange_l_lra', 0.0, 0.0, 0.0, 0.0, 0.0, 0.0, 1.0, 1.0, 1.0]
['pinky_proximal_phalange_r_lra', 0.0, 0.0, 0.0, 0.0, 0.0, 0.0, 1.0, 1.0, 1.0]
['pipe_lra', 0.0, 0.0, 0.0, 0.0, 0.0, 0.0, 1.0, 1.0, 1.0]
['ponytail_01_lra', 0.0, 0.0, 0.0, 0.0, 0.0, 0.0, 1.0, 1.0, 1.0]
['ponytail_02_lra', 0.0, 0.0, 0.0, 0.0, 0.0, 0.0, 1.0, 1.0, 1.0]
['ponytail_03_lra', 0.0, 0.0, 0.0, 0.0, 0.0, 0.0, 1.0, 1.0, 1.0]
['ring_01_l_lra', 5.684341886080802e-14, 0.0, -3.552713678800501e-15, -5.9635400277440935e-15, 9.14409470920761e-15, -9.54166404439055e-15, 1.0, 1.0, 1.0]
['ring_01_r_lra', 0.0, 0.0, 0.0, 0.0, 0.0, 0.0, 1.0, 1.0, 1.0]
['ring_02_l_lra', 0.0, 0.0, 0.0, 0.0, 0.0, 0.0, 1.0, 1.0, 1.0]
['ring_02_r_lra', 0.0, 0.0, 0.0, 0.0, 0.0, 0.0, 1.0, 1.0, 1.0]
['ring_03_l_lra', 0.0, 0.0, 0.0, 0.0, 0.0, 0.0, 1.0, 1.0, 1.0]
['ring_03_r_lra', 0.0, 0.0, 0.0, 0.0, 0.0, 0.0, 1.0, 1.0, 1.0]
['ring_distal_phalange_l_lra', 0.0, 0.0, 0.0, 0.0, 0.0, 0.0, 1.0, 1.0, 1.0]
['ring_distal_phalange_r_lra', 0.0, 0.0, 0.0, 0.0, 0.0, 0.0, 1.0, 1.0, 1.0]
['ring_metacarpal_l_lra', 0.0, 0.0, 0.0, 0.0, 0.0, 0.0, 1.0, 1.0, 1.0]
['ring_metacarpal_r_lra', 0.0, 0.0, 0.0, 0.0, 0.0, 0.0, 1.0, 1.0, 1.0]
['ring_metatarsal_l_lra', 0.0, 0.0, 0.0, 0.0, 0.0, 0.0, 1.0, 1.0, 1.0]
['ring_metatarsal_r_lra', 0.0, 0.0, 0.0, 0.0, 0.0, 0.0, 1.0, 1.0, 1.0]
['ring_middle_phalange_l_lra', 0.0, 0.0, 0.0, 0.0, 0.0, 0.0, 1.0, 1.0, 1.0]
['ring_middle_phalange_r_lra', 0.0, 0.0, 0.0, 0.0, 0.0, 0.0, 1.0, 1.0, 1.0]
['ring_proximal_phalange_l_lra', 0.0, 0.0, 0.0, 0.0, 0.0, 0.0, 1.0, 1.0, 1.0]
['ring_proximal_phalange_r_lra', 0.0, 0.0, 0.0, 0.0, 0.0, 0.0, 1.0, 1.0, 1.0]
['root_lra', 0.0, 0.0, 0.0, 0.0, 0.0, 0.0, 1.0, 1.0, 1.0]
['shoulder_blade_in_r_lra', 0.0, 0.0, 0.0, 0.0, 0.0, 0.0, 1.0, 1.0, 1.0]
['shoulder_blade_mid_r_lra', 0.0, 0.0, 0.0, 0.0, 0.0, 0.0, 1.0, 1.0, 1.0]
['shoulder_blade_out_r_lra', 0.0, 0.0, 0.0, 0.0, 0.0, 0.0, 1.0, 1.0, 1.0]
['shoulder_cloth_01_l_lra', 0.0, 0.0, 0.0, 0.0, 0.0, 0.0, 1.0, 1.0, 1.0]
['shoulder_cloth_02_l_lra', 0.0, 0.0, 0.0, 0.0, 0.0, 0.0, 1.0, 1.0, 1.0]
['shoulder_pad_r_lra', 0.0, 0.0, 0.0, 0.0, 0.0, 0.0, 1.0, 1.0, 1.0]
['spine_01_lra', 0.0, 0.0, 0.0, 0.0, 0.0, 0.0, 1.0, 1.0, 1.0]
['spine_02_lra', 0.0, 0.0, 0.0, 0.0, 0.0, 0.0, 1.0, 1.0, 1.0]
['spine_03_lra', 0.0, 0.0, 0.0, 0.0, 0.0, 0.0, 1.0, 1.0, 1.0]
['thigh_l_lra', 0.0, 0.0, 0.0, 0.0, 0.0, 0.0, 1.0, 1.0, 1.0]
['thigh_r_lra', 0.0, 0.0, 0.0, 0.0, 0.0, 0.0, 1.0, 1.0, 1.0]
['thigh_twist_01_l_lra', 0.0, 0.0, 0.0, 0.0, 0.0, 0.0, 1.0, 1.0, 1.0]
['thigh_twist_01_r_lra', 0.0, 0.0, 0.0, 0.0, 0.0, 0.0, 1.0, 1.0, 1.0]
['thigh_twist_02_l_lra', 0.0, 0.0, 0.0, 0.0, 0.0, 0.0, 1.0, 1.0, 1.0]
['thigh_twist_02_r_lra', 0.0, 0.0, 0.0, 0.0, 0.0, 0.0, 1.0, 1.0, 1.0]
['thumb_01_l_lra', 0.0, -2.842170943040401e-14, 7.105427357601002e-15, 1.590277340731758e-15, 1.5902773407317576e-15, -1.5902773407317578e-14, 1.0000000000000004, 1.0000000000000002, 1.0000000000000007]
['thumb_01_r_lra', 0.0, 0.0, 0.0, 0.0, 0.0, 0.0, 1.0, 1.0, 1.0]
['thumb_02_l_lra', -2.842170943040401e-14, -2.842170943040401e-14, 7.105427357601002e-15, -1.749305074804934e-14, 1.5902773407317584e-15, -3.1805546814635168e-15, 1.0, 1.0, 1.0]
['thumb_02_r_lra', 0.0, 0.0, 0.0, 0.0, 0.0, 0.0, 1.0, 1.0, 1.0]
['thumb_03_l_lra', 2.842170943040401e-14, 0.0, 7.105427357601002e-15, -3.180554681463516e-15, 1.1131941385122302e-14, 6.36110936292703e-15, 1.0000000000000004, 1.0000000000000002, 1.0000000000000004]
['thumb_03_r_lra', 0.0, 0.0, 0.0, 0.0, 0.0, 0.0, 1.0, 1.0, 1.0]
['upperarm_l_lra', 0.0, 0.0, 0.0, 0.0, 0.0, 0.0, 1.0, 1.0, 1.0]
['upperarm_r_lra', 0.0, 0.0, 0.0, 0.0, 0.0, 0.0, 1.0, 1.0, 1.0]
['upperarm_twist_01_l_lra', 0.0, 0.0, 0.0, 0.0, 0.0, 0.0, 1.0, 1.0, 1.0]
['upperarm_twist_01_r_lra', 0.0, 0.0, 0.0, 0.0, 0.0, 0.0, 1.0, 1.0, 1.0]
['upperarm_twist_02_l_lra', 0.0, 0.0, 0.0, 0.0, 0.0, 0.0, 1.0, 1.0, 1.0]
['upperarm_twist_02_r_lra', 0.0, 0.0, 0.0, 0.0, 0.0, 0.0, 1.0, 1.0, 1.0]
['weapon_bladeA_01_lra', 0.0, 0.0, 0.0, 0.0, 0.0, 0.0, 1.0, 1.0, 1.0]
['weapon_bladeA_02_lra', 0.0, 0.0, 0.0, 0.0, 0.0, 0.0, 1.0, 1.0, 1.0]
['weapon_bladeA_03_lra', 0.0, 0.0, 0.0, 0.0, 0.0, 0.0, 1.0, 1.0, 1.0]
['weapon_bladeA_04_lra', 0.0, 0.0, 0.0, 0.0, 0.0, 0.0, 1.0, 1.0, 1.0]
['weapon_bladeA_05_lra', 0.0, 0.0, 0.0, 0.0, 0.0, 0.0, 1.0, 1.0, 1.0]
['weapon_bladeB_01_lra', 0.0, 0.0, 0.0, 0.0, 0.0, 0.0, 1.0, 1.0, 1.0]
['weapon_bladeB_02_lra', 0.0, 0.0, 0.0, 0.0, 0.0, 0.0, 1.0, 1.0, 1.0]
['weapon_bladeB_03_lra', 0.0, 0.0, 0.0, 0.0, 0.0, 0.0, 1.0, 1.0, 1.0]
['weapon_bladeB_04_lra', 0.0, 0.0, 0.0, 0.0, 0.0, 0.0, 1.0, 1.0, 1.0]
['weapon_bladeB_05_lra', 0.0, 0.0, 0.0, 0.0, 0.0, 0.0, 1.0, 1.0, 1.0]
['weapon_bladeC_01_lra', 0.0, 0.0, 0.0, 0.0, 0.0, 0.0, 1.0, 1.0, 1.0]
['weapon_bladeC_02_lra', 0.0, 0.0, 0.0, 0.0, 0.0, 0.0, 1.0, 1.0, 1.0]
['weapon_bladeC_03_lra', 0.0, 0.0, 0.0, 0.0, 0.0, 0.0, 1.0, 1.0, 1.0]
['weapon_bladeD_01_lra', 0.0, 0.0, 0.0, 0.0, 0.0, 0.0, 1.0, 1.0, 1.0]
['weapon_bladeD_02_lra', 0.0, 0.0, 0.0, 0.0, 0.0, 0.0, 1.0, 1.0, 1.0]
['weapon_bladeE_01_lra', 0.0, 0.0, 0.0, 0.0, 0.0, 0.0, 1.0, 1.0, 1.0]
['weapon_butt_01_lra', 0.0, 0.0, 0.0, 0.0, 0.0, 0.0, 1.0, 1.0, 1.0]
['weapon_butt_02_lra', 0.0, 0.0, 0.0, 0.0, 0.0, 0.0, 1.0, 1.0, 1.0]
['weapon_butt_03_lra', 0.0, 0.0, 0.0, 0.0, 0.0, 0.0, 1.0, 1.0, 1.0]
['weapon_l_lra', 0.0, 0.0, 0.0, 0.0, 0.0, 0.0, 1.0, 1.0, 1.0]
['weapon_lra', 0.0, 0.0, 0.0, 0.0, 0.0, 0.0, 1.0, 1.0, 1.0]
['weapon_r_lra', 0.0, 0.0, 0.0, 0.0, 0.0, 0.0, 1.0, 1.0, 1.0]
['wrist_plate_r_lra', 0.0, 0.0, 0.0, 0.0, 0.0, 0.0, 1.0, 1.0, 1.0]
