['Eye_l_mover', 5.400521190643353, -15.236692930451397, 6.0215327722673919, -0.090149699163555447, -13.686896154539863, -101.41750557504959, 0.5, 0.5, 0.5]
['Eye_r_mover', -10.40999712539986, 6.6833198669433926, -7.3489834912476795, 0.24585014634748831, -2.5823174901656181, -243.37148902690367, 0.5, 0.5, 0.5]
['Jaw_mover', -0.89663017904495113, 0.1361119352721758, -17.217283579471257, 0.0017254049566098879, -0.067510495170649262, -2.9280453137075839, 1.0, 1.0, 1.0]
['ball_mover_l', -5.384948299434452, 99.11263394994117, 6.1750964823614147, 0.76786454056231657, -5.5649634667161534, 82.045456419190643, 1.0, 1.0, 1.0]
['ball_mover_r', 7.0675824734164872, -29.304534677945092, -1.7215924401103742, -2.3295078233768172e-18, 1.7690360060686029e-13, -2.5444437925647707e-14, 1.0, 1.0, 1.0]
['bigtoe_distal_phalange_mover_l', 4.2632564145606011e-13, -2.3980817331903381e-14, 8.8817841970012523e-14, 0.0, 0.0, -2.3854160110976374e-14, 1.0, 1.0, 1.0]
['bigtoe_distal_phalange_mover_r', 7.1054273576010019e-14, -1.6164847238542279e-13, 7.496225862269057e-13, 0.0, 0.0, 1.1131941385122309e-14, 1.0, 1.0, 1.0]
['bigtoe_metatarsal_mover_l', -5.4534154969587689e-13, 3.510525203864745e-13, -2.5934809855243657e-13, -2.002755525984058e-14, 4.5471992711548793e-15, 4.3707778786674423e-14, 1.0, 1.0, 1.0]
['bigtoe_metatarsal_mover_r', -4.7073456244106637e-13, 2.3092638912203256e-14, 2.0605739337042905e-13, -2.8376511298682342e-14, 1.5953711978387898e-13, -1.9282112756372608e-14, 1.0, 1.0, 1.0]
['bigtoe_proximal_phalange_mover_l', -6.9633188104489818e-13, 7.1054273576010019e-14, -2.3625545964023331e-13, -1.7865771999783352e-14, -2.5842006786891074e-14, 1.7766379665987617e-14, 1.0, 1.0, 1.0]
['bigtoe_proximal_phalange_mover_r', -7.1409544943890069e-13, -2.2915003228263231e-13, 1.0409451078885468e-12, -3.7918175343072867e-14, 1.7115359879625555e-13, -9.0695504588613766e-16, 1.0, 1.0, 1.0]
['calf_mover_l', 32.462498827121038, 0.90426535468539981, -1.9559007688504195, 3.7499894223010015, 0.083137346142154983, -6.3069308597971885, 1.0, 1.0, 1.0]
['calf_mover_r', -38.399138113512478, -1.7625449282620025, 1.8774283729183878, 0.25502579703502404, -2.3313637321738248, -1.5384049247553258, 1.0, 1.0, 1.0]
['clavicle_mover_l', 4.555075056422206, -3.7673239475840994, 21.972812542190866, 0.0, 9.0206160900113286, 0.0, 1.0, 1.0, 1.0]
['clavicle_mover_r', -17.496908822892994, 5.9726608033629578, -24.246784610054362, -0.43530663464810659, 16.20680104650414, -2.4143291997361547, 1.0, 1.0, 1.0]
['foot_mover_l', -51.441043227708818, 9.0015016312384031, -1.0439733579139379, -18.752788045441942, 3.6583710714867266, -8.5550860080507078, 1.0, 1.0, 1.0]
['foot_mover_r', 28.051121048835846, -5.6284481132383419, 0.65277440511772156, -14.964725279918673, -0.79077400384552077, -5.3025999987644532, 1.0, 1.0, 1.0]
['hairA_01_mover', -3.3706834088004674, -9.9797453266053111, 18.712536058934461, 76.031215864681087, -1.1612205142023304e-10, -19.747228671107941, 0.25, 0.25, 0.25]
['hairA_02_mover', -5.2381210480234586e-11, 6.6204088239846897, -6.0254023992456496e-12, -12.873937796448887, -8.9278083702873072, -2.2395067985681334, 1.0, 1.0, 1.0]
['hairA_03_mover', -3.6280312087910715e-11, 0.53339032864187175, 1.5609202819177881e-10, -8.0450034281334784, 17.3543509920421, -1.9108615884912223, 1.0, 1.0, 1.0]
['hairB_01_mover', 0.27873556740315841, -7.5495487489961306, 19.938157226596729, 57.373518562532681, -1.6367134390811268e-10, -28.435069205316843, 0.25, 0.25, 0.25]
['hairB_02_mover', -6.3849370235402603e-11, 7.9614202124737403, 1.5916157281026244e-12, -50.816129130093842, 1.8391787744741892, 1.1778894916458265, 1.0, 1.0, 1.0]
['hairB_03_mover', -8.1428197518107481e-12, 5.9698859705712906, -6.8666849983856082e-11, -13.481666760801975, 9.0321696117795423, -2.8109210151780828, 1.0, 1.0, 1.0]
['hairC_01_mover', -4.7019821740358871, -3.4644232977993781, 19.127224229208025, 73.664433834864099, -2.6629194070553313e-10, -50.762306398781575, 0.25, 0.25, 0.25]
['hairC_02_mover', -1.3494627637555823e-10, 10.232249588023933, -2.4101609596982598e-11, -27.142841294857234, 10.940627735960293, 3.247926357896211, 1.0, 1.0, 1.0]
['hairC_03_mover', -6.6023631006828509e-11, 0.25553541015301562, -4.2382453102618456e-10, -8.3640997494840761, 16.923339316661032, 3.6910882457824563, 1.0, 1.0, 1.0]
['hand_mid_pivot_mover_l', -27.313562938154043, 11.688485258010306, 0.45805654604983914, 0.0, 0.0, -22.09798951511349, 1.0, 1.0, 1.0]
['hand_mid_pivot_mover_r', -2.4264565385197228e-14, 9.3465757455895542, -3.5233338853708563e-14, 0.0, -7.0790553092956543, 0.0, 1.0, 1.0, 1.0]
['hand_mover_l', 48.875926367676385, -1.2500805098148362, 0.90073483514957253, 85.776859170133136, 5.6394039506511584, 23.226087129162099, 1.0, 1.0, 1.0]
['hand_mover_r', -56.223004094644921, 1.6733134454967171, -0.90073483514816211, -1.0087984623470871, 13.471556063542669, 17.500570545494313, 1.0, 1.0, 1.0]
['hand_pinky_pivot_mover_l', 0.0, 0.0, 0.0, 0.0, 0.0, 0.0, 1.0, 1.0, 1.0]
['hand_pinky_pivot_mover_r', 0.0, 0.0, 0.0, 0.0, 0.0, 0.0, 1.0, 1.0, 1.0]
['hand_thumb_pivot_mover_l', 0.0, 0.0, 0.0, 0.0, 0.0, 0.0, 1.0, 1.0, 1.0]
['hand_thumb_pivot_mover_r', 0.0, 0.0, 0.0, 0.0, 0.0, 0.0, 1.0, 1.0, 1.0]
['hand_tip_pivot_mover_l', 0.0, 0.0, 0.0, 0.0, 0.0, 0.0, 1.0, 1.0, 1.0]
['hand_tip_pivot_mover_r', 11.987165300505595, 2.5834563972947038, -2.558164440956336, 0.0, 0.0, 0.0, 1.0, 1.0, 1.0]
['head_mover', 6.0555541464281077, -1.187606574921455, -0.34944339557876969, 0.0, 0.0, -4.6714606296105634, 1.0, 1.0, 1.0]
['heel_pivot_l_mover', 0.0, 0.0, 0.0, 0.0, 0.0, 0.0, 1.0, 1.0, 1.0]
['heel_pivot_r_mover', 0.0, 0.0, 0.0, 0.0, 0.0, 0.0, 1.0, 1.0, 1.0]
['humpback_mover', -9.7151526782246158, 1.1795369215203646, 60.107823438466482, -3.4385443805270919e-10, -1.8404664809444308e-14, 4.5919258213684751e-14, 1.0, 1.0, 1.0]
['index_01_mover_l', -0.52211129795065858, -4.7664312511004674, 6.089446870101952, -83.322011763494132, -9.5432792714718282, -14.394237580913344, 1.0, 1.0, 1.0]
['index_01_mover_r', -19.634004956531797, 0.035358005330763831, 1.7334723774256204, -13.153881959578094, -0.87723327556648023, 1.9670711886726973, 1.0, 1.0, 1.0]
['index_02_mover_l', 8.5265128291212022e-14, -5.1159076974727213e-13, -3.4461322684364859e-13, -8.1624401124531734e-14, -1.116358386638933e-14, -2.6411280261219179e-14, 1.0, 1.0, 1.0]
['index_02_mover_r', -6.116988719055314, 0.063349818419013104, -2.8421709430404007e-13, -8.2224511888570232e-13, 1.0722557412418468e-13, 5.5525951047492166, 1.0, 1.0, 1.0]
['index_03_mover_l', -4.5474735088646412e-13, 3.836930773104541e-13, 2.0961010704922955e-13, 3.4277931117804077e-14, -2.1895820534157278e-14, -2.8884926381125735e-14, 1.0, 1.0, 1.0]
['index_03_mover_r', -6.665736357877222, -0.021698644176751714, 2.4868995751603507e-14, -5.9001774149493115e-14, 3.849589328326059e-14, 2.1120579743115731e-14, 1.0, 1.0, 1.0]
['index_distal_phalange_mover_l', -3.5527136788005009e-15, -4.3520742565306136e-14, 7.1054273576010019e-15, 3.1774486710323971e-15, -1.3846739123820423e-14, 2.5462372271318136e-14, 1.0, 1.0, 1.0]
['index_distal_phalange_mover_r', -3.1619151741324458e-13, -1.5187850976872141e-13, 1.7763568394002505e-13, -8.1688074338369563e-15, 1.6178910532197366e-13, 2.3201338390335781e-15, 1.0, 1.0, 1.0]
['index_metacarpal_mover_l', 0.30069023477119572, -0.95613985258303202, 3.8882038085883863, -84.402448909856631, -7.7015978358040362, -10.683518188902131, 1.0, 1.0, 1.0]
['index_metacarpal_mover_r', -13.721713652357266, 8.5417499309559588, 4.1355409907722773, 3.9194496214817782, -8.6169251560164195, -0.20046308124277265, 1.0, 1.0, 1.0]
['index_metatarsal_mover_l', 9.4146912488213275e-14, 2.41140440948584e-13, -3.1619151741324458e-13, -1.1604054970652052e-14, -1.7005407110364015e-14, 1.8772727045669433e-14, 1.0, 1.0, 1.0]
['index_metatarsal_mover_r', -2.1671553440683056e-13, -1.0658141036401503e-13, 1.6697754290362354e-13, 4.0502376021761996e-15, 1.4852631280557022e-13, 1.5498992051272464e-15, 1.0, 1.0, 1.0]
['index_middle_phalange_mover_l', 5.3290705182007514e-14, 1.6342482922482304e-13, 9.9475983006414026e-14, -3.448292780625778e-14, -1.7871625723740338e-14, 2.96086152125173e-14, 1.0, 1.0, 1.0]
['index_middle_phalange_mover_r', 1.3500311979441904e-13, 3.0553337637684308e-13, 1.5276668818842154e-13, -3.8076581875059816e-14, 1.6047501611742355e-13, -6.2535918652536089e-16, 1.0, 1.0, 1.0]
['index_proximal_phalange_mover_l', 2.1316282072803006e-13, -2.1871393585115584e-14, -3.4106051316484809e-13, 9.8398410457777553e-15, 6.0474023093842444e-15, 4.176031024636425e-15, 1.0, 1.0, 1.0]
['index_proximal_phalange_mover_r', -3.1263880373444408e-13, -2.6645352591003757e-13, 1.2860823517257813e-12, -1.9704530175004452e-14, 1.4489228060116368e-13, -4.7832560639197673e-15, 1.0, 1.0, 1.0]
['inside_pivot_l_mover', 0.0, 0.0, 0.0, 0.0, 0.0, 0.0, 1.0, 1.0, 1.0]
['inside_pivot_r_mover', 0.0, 0.0, 0.0, 0.0, 0.0, 0.0, 1.0, 1.0, 1.0]
['leg_chain_l_01_mover', -0.20534903136199389, -0.70377016376465118, -3.7893482524841033, -91.382206642357787, -1.1389113686092269, 89.261538787397186, 1.0, 1.0, 1.0]
['leg_chain_l_02_mover', -7.1054273576010019e-15, 0.78167243021593436, 1.4210854715202004e-14, 0.0, 0.0, 0.0, 1.0, 1.0, 1.0]
['leg_chain_l_03_mover', 2.1316282072803006e-14, 0.7816724302159912, 7.1054273576010019e-15, 3.7783300219756226, -0.71238903980645008, 2.3441752392822841, 1.0, 1.0, 1.0]
['leg_chain_l_04_mover', 0.0, -2.8337595543621887, 3.5527136788005009e-15, -2.1649555640166693, 0.29958750209939139, -2.8108014162627737, 1.0, 1.0, 1.0]
['leg_chain_l_05_mover', -2.8421709430404007e-14, 0.21707244162533357, 3.5527136788005009e-15, -4.9003699869602384, -1.8753341065658544, -28.771888278866381, 1.0, 1.0, 1.0]
['leg_chain_l_06_mover', 4.2632564145606011e-14, 5.3949131963945405, 2.3447910280083306e-13, 4.9935156849454492, 0.59203824830800866, 14.227222882021213, 1.0, 1.0, 1.0]
['leg_chain_l_07_mover', 9.7699626167013776e-15, 5.4837680731801868, 1.1368683772161603e-13, 0.0, 0.0, 0.0, 1.0, 1.0, 1.0]
['leg_chain_l_08_mover', -5.3290705182007514e-15, 5.4837680731800873, 1.2079226507921703e-13, 3.7163736049318961, 0.0042030924273321266, 6.7055223468154805, 1.0, 1.0, 1.0]
['leg_chain_l_09_mover', -3.2862601528904634e-14, 12.489824162709411, 1.8474111129762605e-13, 0.0, 0.0, 0.0, 1.0, 1.0, 1.0]
['leg_chain_l_010_mover', -2.6645352591003757e-14, 12.489824162709404, 1.2789769243681803e-13, 0.0, 5.2642771378801605, 0.0, 1.0, 1.0, 1.0]
['leg_chain_l_011_mover', -9.3258734068513149e-14, 49.277874375218168, 1.6342482922482304e-13, 0.0, 0.0, 0.0, 1.0, 1.0, 1.0]
['leg_chain_l_012_mover', 0.0, 0.0, 0.0, 0.0, 0.0, 0.0, 1.0, 1.0, 1.0]
['leg_chain_r_01_mover', 0.25538877931208148, -0.068065174934750061, 4.9074002878768397, 91.022118123699656, -1.4433919452596593, -90.102368409330751, 1.0, 1.0, 1.0]
['leg_chain_r_02_mover', -3.5527136788005009e-14, 37.346652341481843, -3.1974423109204508e-14, 0.0, 0.0, 0.0, 1.0, 1.0, 1.0]
['leg_chain_r_03_mover', -2.1316282072803006e-14, 37.346652341481672, 7.1054273576010019e-15, -5.4169347293715067, -0.33229563227401293, -8.93807243220758, 1.0, 1.0, 1.0]
['leg_chain_r_04_mover', -5.3290705182007514e-15, 39.235657107506633, -1.4210854715202004e-14, 7.8618696191092523, -1.1682919420761864, 11.915107772999189, 1.0, 1.0, 1.0]
['leg_chain_r_05_mover', -1.4210854715202004e-14, 38.18163015418088, -1.4210854715202004e-14, 1.1367386138478717, 0.36947670689356121, -26.483290321088909, 1.0, 1.0, 1.0]
['leg_chain_r_06_mover', 1.4210854715202004e-14, 39.202027910690731, -2.1316282072803006e-14, -0.30420823064637131, -0.053216178909958708, 8.0847213104467137, 1.0, 1.0, 1.0]
['leg_chain_r_07_mover', 3.5527136788005009e-14, 43.938882714639078, -4.9737991503207013e-14, 0.0, 0.0, 0.0, 1.0, 1.0, 1.0]
['leg_chain_r_08_mover', 4.2632564145606011e-14, 43.938882714638979, -2.8421709430404007e-14, -6.5771468317324624, 0.30927955435799775, 12.60301643977971, 1.0, 1.0, 1.0]
['leg_chain_r_09_mover', 5.3290705182007514e-15, 47.018857966940828, -2.4868995751603507e-14, 0.0, 0.0, 0.0, 1.0, 1.0, 1.0]
['leg_chain_r_010_mover', -3.5527136788005009e-15, 47.018857966940764, -3.1974423109204508e-14, 1.0013924881632814, -4.5583042984968998, -1.4757329231219951, 1.0, 1.0, 1.0]
['leg_chain_r_011_mover', 0.0, 0.0, 0.0, 0.0, 0.0, 0.0, 1.0, 1.0, 1.0]
['leg_chain_r_012_mover', 0.0, 0.0, 0.0, 0.0, 0.0, 0.0, 1.0, 1.0, 1.0]
['lowerarm_mover_l', 13.737612546919081, 2.1693010285440408, -1.2746805637657985, -0.8909719995240416, 3.8562571036540163, -10.077348241135233, 1.0, 1.0, 1.0]
['lowerarm_mover_r', 2.3685480014883638, 0.25407678655845345, 0.86599435520369639, 35.325377241434893, 13.985294613794251, -4.9054250839350306, 1.0, 1.0, 1.0]
['lowerarm_twist_01_mover_l', -1.9895196601282805e-13, 3.5527136788005009e-15, 2.8421709430404007e-14, 0.0, 0.0, 0.0, 1.0, 1.0, 1.0]
['lowerarm_twist_01_mover_r', 1.7053025658242404e-13, -2.8421709430404007e-14, 8.5265128291212022e-14, 0.0, 0.0, 0.0, 1.0, 1.0, 1.0]
['lowerarm_twist_02_mover_l', -1.1368683772161603e-13, 1.0658141036401503e-14, 8.5265128291212022e-14, 0.0, 0.0, 0.0, 1.0, 1.0, 1.0]
['lowerarm_twist_02_mover_r', 1.1368683772161603e-13, -2.1316282072803006e-14, -2.8421709430404007e-14, 0.0, 0.0, 0.0, 1.0, 1.0, 1.0]
['lowerarm_twist_03_mover_l', -1.1368683772161603e-13, 3.5527136788005009e-15, -2.8421709430404007e-14, 0.0, 0.0, 0.0, 1.0, 1.0, 1.0]
['lowerarm_twist_03_mover_r', 2.8421709430404007e-13, 7.1054273576010019e-15, -2.8421709430404007e-14, 0.0, 0.0, 0.0, 1.0, 1.0, 1.0]
['middle_01_mover_l', 28.557716611354948, 0.49753899359395959, -1.9994926817542318, -85.03132360116804, 23.621492155309653, 1.1065538042677436, 1.0, 1.0, 1.0]
['middle_01_mover_r', -22.259569186573557, -6.9812687850291297, 1.820899411433567, 8.7830867284963698, 7.2821768013005919, 27.534525978093807, 1.0, 1.0, 1.0]
['middle_02_mover_l', 2.7675726884356493, -2.5065537638149884, -0.23340777514206579, 7.5650766562887051e-16, -1.2143433094580661e-14, -5.1255384134288043e-14, 1.0, 1.0, 1.0]
['middle_02_mover_r', -7.2012164960696339, 0.64642588086492481, 1.2612133559741778e-13, -4.2690369242325293e-15, -2.8885325120844876e-15, 5.2539869978039242, 1.0, 1.0, 1.0]
['middle_03_mover_l', -8.2422957348171622e-13, 2.5135449277513544e-13, 1.8474111129762605e-13, 1.113194138512231e-14, -1.0349226756480895e-14, -1.5219451112471905e-14, 1.0, 1.0, 1.0]
['middle_03_mover_r', -8.5001700357259438, -3.4674485505092889e-12, 4.8672177399566863e-13, 3.6899403921666586e-15, -9.4919678774926828e-15, -1.1116411332966725e-14, 1.0, 1.0, 1.0]
['middle_distal_phalange_mover_l', -2.3092638912203256e-13, -6.0396132539608516e-14, 6.7501559897209518e-14, -4.2602039073196878e-14, -2.4887114963249505e-14, 1.7005938605458446e-15, 1.0, 1.0, 1.0]
['middle_distal_phalange_mover_r', -7.815970093361102e-14, -2.3092638912203256e-14, 3.2684965844964609e-13, -4.3117636804762265e-14, 1.5430153193763337e-13, -9.473962005750887e-15, 1.0, 1.0, 1.0]
['middle_metacarpal_mover_l', 0.98663702203472781, 1.9828164492161342, 0.9027053073806961, -85.925940631046885, 0.21851455672213652, -1.9614749285055513, 1.0, 1.0, 1.0]
['middle_metacarpal_mover_r', -12.615021541385573, 4.5701313155978198, -1.6267317826082675, -10.094558912264338, -7.6133082181471092, -15.934297548590216, 1.0, 1.0, 1.0]
['middle_metatarsal_mover_l', 1.5454304502782179e-13, 6.0174087934683484e-14, -2.7000623958883807e-13, -2.4407029967715156e-14, -1.62413285443093e-14, 2.6093399506159589e-14, 1.0, 1.0, 1.0]
['middle_metatarsal_mover_r', 1.6164847238542279e-13, -2.3092638912203256e-14, 2.7000623958883807e-13, -3.6837283713044254e-14, 1.382298882264183e-13, -4.6760987040462599e-15, 1.0, 1.0, 1.0]
['middle_middle_phalange_mover_l', 2.8066438062523957e-13, -1.7152945730458669e-14, 1.7763568394002505e-14, -1.4649498198361998e-14, -2.5970888533193642e-14, 3.1827163268384271e-14, 1.0, 1.0, 1.0]
['middle_middle_phalange_mover_r', -2.4868995751603507e-14, -3.9968028886505635e-14, 2.9842794901924208e-13, 1.5149565877771767e-14, 1.8357643104995141e-13, -8.7802838624839298e-15, 1.0, 1.0, 1.0]
['middle_proximal_phalange_mover_l', 1.6342482922482304e-13, -1.6608936448392342e-13, -2.2026824808563106e-13, -1.3573265583980048e-14, -1.1788474339999605e-14, 3.3203251508637705e-15, 1.0, 1.0, 1.0]
['middle_proximal_phalange_mover_r', 1.6342482922482304e-13, -1.1723955140041653e-13, 1.0871303857129533e-12, 6.1747487370600202e-15, 1.6294091896507904e-13, -7.8442293437852562e-15, 1.0, 1.0, 1.0]
['neck_01_mover', 8.1557520075764955, -28.679079764443898, -2.8258243597514667, 0.0, 0.0, -31.139404556749131, 1.0, 1.0, 1.0]
['neck_02_mover', -2.2936008459082018, -0.17244010362129814, -2.0356194350373924, 0.0, 0.0, 35.810865186359671, 1.0, 1.0, 1.0]
['outside_pivot_l_mover', 0.0, 0.0, 0.0, 0.0, 0.0, 0.0, 1.0, 1.0, 1.0]
['outside_pivot_r_mover', 0.0, 0.0, 0.0, 0.0, 0.0, 0.0, 1.0, 1.0, 1.0]
['pelvis_mover', 5.8876715473240324, -16.05111652811123, 5.9159162243773551, -2.4848083448933725e-17, -1.2722315788680037e-14, 2.4848083448933725e-17, 1.0, 1.0, 1.0]
['pinky_01_mover_l', -1.327634866538915, 10.923008455092017, -8.2607974451454069, -83.174102856552807, 9.491315367885381, 15.098967532945471, 1.0, 1.0, 1.0]
['pinky_01_mover_r', 5.7860096321954302, 1.2896857200748144, -3.7021123337720709, 3.721433959259079, 0.28927966791624693, -1.1018146323677378, 1.0, 1.0, 1.0]
['pinky_02_mover_l', -1.4210854715202004e-14, -4.9737991503207013e-13, -2.4513724383723456e-13, -4.249022269767667e-14, 0.0, 0.0, 1.0, 1.0, 1.0]
['pinky_02_mover_r', 3.979039320256561e-13, -2.3163693185779266e-12, -3.5527136788005009e-14, -3.8514529345847271e-14, 0.0, 0.0, 1.0, 1.0, 1.0]
['pinky_03_mover_l', 1.3926637620897964e-12, -9.2370555648813024e-14, 2.0961010704922955e-13, -4.8130737640584614e-14, 3.9794355855744785e-14, 2.5964887182125691e-14, 1.0, 1.0, 1.0]
['pinky_03_mover_r', -2.2737367544323206e-12, -2.4016344468691386e-12, 5.6843418860808015e-13, 3.5232097522243122e-13, -5.6939997851775909e-14, 1.5579390634356039e-14, 1.0, 1.0, 1.0]
['pinky_distal_phalange_mover_l', -1.0658141036401503e-13, -3.0864200084579352e-14, -1.4210854715202004e-14, 1.0933156717530848e-15, 7.1935201584663134e-15, 1.4290753993568008e-14, 1.0, 1.0, 1.0]
['pinky_distal_phalange_mover_r', -1.0658141036401503e-14, 2.5757174171303632e-14, 2.9132252166164108e-13, -1.5604596405930369e-14, 1.7683138586433683e-13, 5.3128308424251184e-15, 1.0, 1.0, 1.0]
['pinky_metacarpal_mover_l', 0.27732773294638946, 8.9400994530894451, -5.5445354789145025, -84.91089772457623, 7.5963257679353262, 7.4668603911415579, 1.0, 1.0, 1.0]
['pinky_metacarpal_mover_r', 6.1511230704312538, 0.87863557427411365, -3.1575763806544561, 3.81584062751933, 0.11668439023913517, -0.76616288988241477, 1.0, 1.0, 1.0]
['pinky_metatarsal_mover_l', 2.9132252166164108e-13, -2.3869795029440866e-13, -2.7711166694643907e-13, -2.8910745092834387e-14, -3.5924116646295934e-14, -5.24430448728862e-15, 1.0, 1.0, 1.0]
['pinky_metatarsal_mover_r', 6.3060667798708891e-13, -6.0396132539608516e-14, 1.2789769243681803e-13, -2.384794809011416e-14, 1.76363154791846e-13, -1.1137376903376799e-14, 1.0, 1.0, 1.0]
['pinky_middle_phalange_mover_l', 3.4106051316484809e-13, 2.2026824808563106e-13, -7.1054273576010019e-14, 0.0, 0.0, -4.1347210859025721e-14, 1.0, 1.0, 1.0]
['pinky_middle_phalange_mover_r', 4.6540549192286562e-13, 2.078337502098293e-13, 2.4868995751603507e-13, 1.757272860398714e-07, -5.8780110332739431e-07, -1.5358891698451959e-14, 1.0, 1.0, 1.0]
['pinky_proximal_phalange_mover_l', -18.805724815309929, 107.97972748318951, 7.5596042932702794, 1.9892333517466472, -6.4436976848494458, 81.90098430551987, 1.0, 1.0, 1.0]
['pinky_proximal_phalange_mover_r', 7.43362572998684, -29.206860443459039, -1.8359920430320074, 3.9756933518292066e-16, 1.6866879045136211e-13, -1.2809187017925333e-14, 1.0, 1.0, 1.0]
['ring_01_mover_l', 0.63293771202211246, 5.9097425307287352, -3.6876261949819096, -85.150291669320893, 7.2788547585965189, 5.9190808597203448, 1.0, 1.0, 1.0]
['ring_01_mover_r', -24.682065914600599, 1.0810953460824919, -0.012954338973471202, 12.595247803965801, 1.7042871496240177, 24.589244616145248, 1.0, 1.0, 1.0]
['ring_02_mover_l', 1.1652900866465643e-12, -5.6701310313655995e-12, -1.4388490399142029e-13, 0.0, 0.0, 0.0, 1.0, 1.0, 1.0]
['ring_02_mover_r', -13.066549113975441, 0.41809882049449243, -3.3750779948604759e-13, 0.0, 0.0, 6.4436187001908198, 1.0, 1.0, 1.0]
['ring_03_mover_l', -1.1652900866465643e-12, 2.6716406864579767e-12, 0.0, 0.0, 0.0, 6.3611093629270335e-15, 1.0, 1.0, 1.0]
['ring_03_mover_r', -3.6075145675859801, 2.7019297437307372, 8.9173113337892573e-13, 0.0, 0.0, 2.2661452105427561e-14, 1.0, 1.0, 1.0]
['ring_distal_phalange_mover_l', -5.7198690228688065e-13, -3.3395508580724709e-13, 4.6185277824406512e-14, -4.6341675632261411e-15, -2.7258425253937309e-14, 7.1652771559586948e-15, 1.0, 1.0, 1.0]
['ring_distal_phalange_mover_r', -5.3290705182007514e-13, -1.6342482922482304e-13, -4.2632564145606011e-14, -1.8613544011074694e-14, 1.6802513655871361e-13, -2.3585685737272201e-15, 1.0, 1.0, 1.0]
['ring_metacarpal_mover_l', 0.94966153059286285, 5.2725800382308492, -2.1035243470913949, -85.815666921540981, 3.4054475027008295, 1.8370847921011977, 1.0, 1.0, 1.0]
['ring_metacarpal_mover_r', -12.969497670576317, 2.5530534218052026, -6.9211706095271541, -21.108992776543865, -4.3941193086499384, -8.2446462310479749, 1.0, 1.0, 1.0]
['ring_metatarsal_mover_l', -9.7699626167013776e-14, -1.097177904085811e-13, -3.4106051316484809e-13, -3.374369732365201e-14, -3.5656999749219881e-14, 4.0216623062099251e-14, 1.0, 1.0, 1.0]
['ring_metatarsal_mover_r', 3.7481129311345285e-13, -1.3589129821411916e-13, 3.5527136788005009e-14, -2.9494675053884312e-14, 1.4851699477427688e-13, 1.4887107996342377e-14, 1.0, 1.0, 1.0]
['ring_middle_phalange_mover_l', 4.2632564145606011e-14, 8.8817841970012523e-15, -1.0658141036401503e-14, -9.4919678774926875e-15, -3.341135420752251e-14, 1.4420041677763244e-14, 1.0, 1.0, 1.0]
['ring_middle_phalange_mover_r', 1.5987211554602254e-13, 2.3980817331903381e-13, 4.7961634663806763e-13, -3.1805546814635187e-14, 1.6470396813604164e-13, -1.0805227912899264e-14, 1.0, 1.0, 1.0]
['ring_proximal_phalange_mover_l', 3.5882408155885059e-13, -4.75175454539567e-14, -2.8421709430404007e-13, 8.6719811236778659e-15, -2.0610320466978862e-14, 2.7410542054605015e-14, 1.0, 1.0, 1.0]
['ring_proximal_phalange_mover_r', 3.2684965844964609e-13, -1.5365486660812167e-13, 7.602807272633072e-13, 1.2983123602067866e-14, 1.6967164356930896e-13, -3.8141808094113077e-15, 1.0, 1.0, 1.0]
['root_mover', 0.0, 0.0, 0.0, 0.0, 0.0, 0.0, 0.62412201000000012, 0.62412201000000012, 0.62412201000000012]
['spine_01_adj_mover', 7.105427357600598e-15, -1.2789769243681803e-13, -2.2737367544323206e-13, 89.999999999999702, -82.637870039807424, -89.999999999999702, 1.0, 1.0, 1.0]
['spine_01_mover', -21.28678402091353, 4.3080957756924452, -1.7415049446272324, -0.010287306932890377, -0.11099380893046726, 12.657385029561926, 1.0, 1.0, 1.0]
['spine_02_adj_mover', -1.0156320229270932e-12, -6.7501559897209518e-14, 1.4779288903810084e-12, -89.999999999999332, -86.69012547515419, 89.999999999999332, 1.0, 1.0, 1.0]
['spine_02_mover', -4.5298822738426452, 0.11765528480472298, -1.0236256287043943e-12, 0.0, 0.0, -10.672004485038388, 1.0, 1.0, 1.0]
['spine_03_adj_mover', 6.2172489379008766e-15, 0.0, -5.6843418860808015e-14, -89.999999999999929, -81.2554276336366, 89.999999999999929, 1.0, 1.0, 1.0]
['spine_03_mover', -4.8036604126700126, -0.52367395138030304, 2.5162094630104548e-12, 0.17666010432080034, 0.73234231983819575, 2.8325948510372587, 1.0, 1.0, 1.0]
['spine_04_adj_mover', -4.5297099404706387e-13, -4.9515946898281982e-14, -1.1368683772161603e-13, -89.999999999999815, -80.519176809736919, 89.999999999999815, 1.0, 1.0, 1.0]
['spine_04_mover', 0.23478730224388755, 0.088414357741555705, -3.0109248427834249e-12, -0.062437658067559527, 1.5147933716337867, -16.658250768368966, 1.0, 1.0, 1.0]
['spine_05_adj_mover', 2.304822999121825e-13, -2.3092638912203256e-14, -1.1368683772161603e-13, -89.999999999998934, -88.298513132956629, 89.999999999998934, 1.0, 1.0, 1.0]
['spine_05_mover', 1.3644824310221111, 0.31511155680617176, 2.3092638912203256e-12, -0.064104749896174984, -2.157005326716908, 11.841795766542946, 1.0, 1.0, 1.0]
['thigh_mover_l', -10.08223650153576, 6.2985588229629847, 0.90542023527343396, 0.0023523627217931979, -3.0007898769100012, 9.6384482262715903, 1.0, 1.0, 1.0]
['thigh_mover_r', 8.9947245839171046, 3.3442314464391054, -2.2328017266277591, 4.3368970703225322e-05, 0.019179614706639994, -356.00166684092886, 1.0, 1.0, 1.0]
['thumb_01_mover_l', -4.4647704206969365, -0.82760722571582335, 6.2984805603783371, -30.398624613246117, -59.759405788665717, -42.716460254791272, 1.0, 1.0, 1.0]
['thumb_01_mover_r', -4.9500434546438328, 1.267321985567861, 4.2974239546799211, 34.226957991456807, -4.5206977174542686, 4.199365737934774, 1.0, 1.0, 1.0]
['thumb_02_mover_l', -10.540936120920719, -2.298913899686255, 13.617337883288393, -36.995275812382154, -57.051252480649211, -39.848458454158994, 1.0, 1.0, 1.0]
['thumb_02_mover_r', -6.9855006942517264, 4.3172247618779664, -2.0137775412258705, 4.7147383052349721, -11.805761306123147, 16.353270985090326, 1.0, 1.0, 1.0]
['thumb_03_mover_l', 1.4210854715202004e-13, 1.4210854715202004e-13, -2.2026824808563106e-13, -5.2504000327596948e-14, -9.2186389595544052e-15, 9.0757624797230437e-15, 1.0, 1.0, 1.0]
['thumb_03_mover_r', -17.231062555490524, 1.8918065767525363, -0.076383600353615577, -0.83152630086204815, -1.8384577401915898, 16.421957646656193, 1.0, 1.0, 1.0]
['toe_pivot_l_mover', 0.0, 0.0, 0.0, 0.0, 0.0, 0.0, 1.0, 1.0, 1.0]
['toe_pivot_r_mover', 0.0, 0.0, 0.0, 0.0, 0.0, 0.0, 1.0, 1.0, 1.0]
['upperarm_mover_l', -3.4268605155639307, -4.4826566163662447, 5.0389763410497608, 0.59992665120901167, -0.82065098500621347, 11.661942976444449, 1.0, 1.0, 1.0]
['upperarm_mover_r', 2.9219674194607705, 0.7486486811047508, 3.2069015534629415, -7.1898758837181189, -17.833653994952581, 2.9401681257430679, 1.0, 1.0, 1.0]
['upperarm_twist_01_mover_l', -3.4106051316484809e-13, 7.1054273576010019e-14, 0.0, 0.0, 0.0, 0.0, 1.0, 1.0, 1.0]
['upperarm_twist_01_mover_r', -5.6843418860808015e-14, -2.8421709430404007e-14, 1.1368683772161603e-13, 0.0, 0.0, 0.0, 1.0, 1.0, 1.0]
['upperarm_twist_02_mover_l', -4.5474735088646412e-13, 6.5725203057809267e-14, -5.6843418860808015e-14, 0.0, 0.0, 0.0, 1.0, 1.0, 1.0]
['upperarm_twist_02_mover_r', 5.6843418860808015e-14, -3.730349362740526e-14, 2.8421709430404007e-14, 0.0, 0.0, 0.0, 1.0, 1.0, 1.0]
['upperarm_twist_03_mover_l', -2.5579538487363607e-13, 4.2632564145606011e-14, -1.1368683772161603e-13, 0.0, 0.0, 0.0, 1.0, 1.0, 1.0]
['upperarm_twist_03_mover_r', -1.1368683772161603e-13, -3.5527136788005009e-14, 1.7053025658242404e-13, 0.0, 0.0, 0.0, 1.0, 1.0, 1.0]
['Eye_l_mover_offset', 0.0, 0.0, 0.0, 0.0, 0.0, 0.0, 1.0, 1.0, 1.0]
['Eye_r_mover_offset', 0.0, 0.0, 0.0, 0.0, 0.0, 0.0, 1.0, 1.0, 1.0]
['Jaw_mover_offset', 0.0, 0.0, 0.0, 0.0, 0.0, 0.0, 1.0, 1.0, 1.0]
['ball_mover_offset_l', 0.0, 0.0, 0.0, 0.0, 0.0, 0.0, 1.0, 1.0, 1.0]
['ball_mover_offset_r', 0.0, 0.0, 0.0, 0.0, 0.0, 0.0, 1.0, 1.0, 1.0]
['bigtoe_distal_phalange_mover_offset_l', 0.0, 0.0, 0.0, 0.0, 0.0, 0.0, 1.0, 1.0, 1.0]
['bigtoe_distal_phalange_mover_offset_r', 0.0, 0.0, 0.0, 0.0, 0.0, 0.0, 1.0, 1.0, 1.0]
['bigtoe_metatarsal_mover_offset_l', 0.0, 0.0, 0.0, 0.0, 0.0, 0.0, 1.0, 1.0, 1.0]
['bigtoe_metatarsal_mover_offset_r', 0.0, 0.0, 0.0, 0.0, 0.0, 0.0, 1.0, 1.0, 1.0]
['bigtoe_proximal_phalange_mover_offset_l', 0.0, 0.0, 0.0, 0.0, 0.0, 0.0, 1.0, 1.0, 1.0]
['bigtoe_proximal_phalange_mover_offset_r', 0.0, 0.0, 0.0, 0.0, 0.0, 0.0, 1.0, 1.0, 1.0]
['calf_mover_offset_l', -1.867089771361399, -7.1054273584922033e-15, -3.5527136792461095e-15, 0.0, 0.0, 0.0, 1.0, 1.0, 1.0]
['calf_mover_offset_r', -1.4136387998215696, 0.16066283423031003, 0.8792443479663703, 0.0, 0.0, 0.0, 1.0, 1.0, 1.0]
['clavicle_mover_offset_l', 0.0, 0.0, 0.0, 0.0, 0.0, 0.0, 1.0, 1.0, 1.0]
['clavicle_mover_offset_r', 0.0, 0.0, 0.0, 0.0, 0.0, 0.0, 1.0, 1.0, 1.0]
['foot_mover_offset_l', 0.0, 0.0, 0.0, 0.0, 0.0, 0.0, 1.0, 1.0, 1.0]
['foot_mover_offset_r', 0.0, 0.0, 0.0, 0.0, 0.0, 0.0, 1.0, 1.0, 1.0]
['hairA_01_mover_offset', 0.0, 0.0, 0.0, 0.0, 0.0, 0.0, 1.0, 1.0, 1.0]
['hairA_02_mover_offset', 0.0, 0.0, 0.0, 0.0, 0.0, 0.0, 1.0, 1.0, 1.0]
['hairA_03_mover_offset', 0.0, 0.0, 0.0, 0.0, 0.0, 0.0, 1.0, 1.0, 1.0]
['hairB_01_mover_offset', 0.0, 0.0, 0.0, 0.0, 0.0, 0.0, 1.0, 1.0, 1.0]
['hairB_02_mover_offset', 0.0, 0.0, 0.0, 0.0, 0.0, 0.0, 1.0, 1.0, 1.0]
['hairB_03_mover_offset', 0.0, 0.0, 0.0, 0.0, 0.0, 0.0, 1.0, 1.0, 1.0]
['hairC_01_mover_offset', 0.0, 0.0, 0.0, 0.0, 0.0, 0.0, 1.0, 1.0, 1.0]
['hairC_02_mover_offset', 0.0, 0.0, 0.0, 0.0, 0.0, 0.0, 1.0, 1.0, 1.0]
['hairC_03_mover_offset', 0.0, 0.0, 0.0, 0.0, 0.0, 0.0, 1.0, 1.0, 1.0]
['hand_mover_offset_l', 0.0, 0.0, 0.0, 0.0, 0.0, 0.0, 1.0, 1.0, 1.0]
['hand_mover_offset_r', 0.0, 0.0, 0.0, 0.0, 0.0, 0.0, 1.0, 1.0, 1.0]
['head_mover_offset', 0.0, 0.0, 0.0, 0.0, 0.0, 0.0, 1.0, 1.0, 1.0]
['humpback_mover_offset', 0.0, 0.0, 0.0, 0.0, 0.0, 0.0, 1.0, 1.0, 1.0]
['index_01_mover_offset_l', 0.0, 0.0, 0.0, 0.0, 0.0, 0.0, 1.0, 1.0, 1.0]
['index_01_mover_offset_r', 0.0, 0.0, 0.0, 0.0, 0.0, 0.0, 1.0, 1.0, 1.0]
['index_02_mover_offset_l', 0.0, 0.0, 0.0, 0.0, 0.0, 0.0, 1.0, 1.0, 1.0]
['index_02_mover_offset_r', 0.0, 0.0, 0.0, 0.0, 0.0, 0.0, 1.0, 1.0, 1.0]
['index_03_mover_offset_l', 0.0, 0.0, 0.0, 0.0, 0.0, 0.0, 1.0, 1.0, 1.0]
['index_03_mover_offset_r', 0.0, 0.0, 0.0, 0.0, 0.0, 0.0, 1.0, 1.0, 1.0]
['index_distal_phalange_mover_offset_l', 0.0, 0.0, 0.0, 0.0, 0.0, 0.0, 1.0, 1.0, 1.0]
['index_distal_phalange_mover_offset_r', 0.0, 0.0, 0.0, 0.0, 0.0, 0.0, 1.0, 1.0, 1.0]
['index_metacarpal_mover_offset_l', 0.0, 0.0, 0.0, 0.0, 0.0, 0.0, 1.0, 1.0, 1.0]
['index_metacarpal_mover_offset_r', 0.0, 0.0, 0.0, 0.0, 0.0, 0.0, 1.0, 1.0, 1.0]
['index_metatarsal_mover_offset_l', 0.0, 0.0, 0.0, 0.0, 0.0, 0.0, 1.0, 1.0, 1.0]
['index_metatarsal_mover_offset_r', 0.0, 0.0, 0.0, 0.0, 0.0, 0.0, 1.0, 1.0, 1.0]
['index_middle_phalange_mover_offset_l', 0.0, 0.0, 0.0, 0.0, 0.0, 0.0, 1.0, 1.0, 1.0]
['index_middle_phalange_mover_offset_r', 0.0, 0.0, 0.0, 0.0, 0.0, 0.0, 1.0, 1.0, 1.0]
['index_proximal_phalange_mover_offset_l', 0.0, 0.0, 0.0, 0.0, 0.0, 0.0, 1.0, 1.0, 1.0]
['index_proximal_phalange_mover_offset_r', 0.0, 0.0, 0.0, 0.0, 0.0, 0.0, 1.0, 1.0, 1.0]
['leg_chain_l_01_mover_offset', 0.0, 0.0, 0.0, 5.2879203703607223, 0.09104847128650452, -1.9714655797756191, 1.0, 1.0, 1.0]
['leg_chain_l_02_mover_offset', 0.79112279746643566, 2.1033849035493404, 2.1193788578428823, 0.941674312154966, 0.0096726057642746183, -1.1769834177197385, 1.0, 1.0, 1.0]
['leg_chain_l_03_mover_offset', 1.3375652391819486, 2.2717156953299593, 2.3009402345502963, -4.3680232832057904, 0.0011508504188934873, 0.030177005315006476, 1.0, 1.0, 1.0]
['leg_chain_l_04_mover_offset', 1.0619425890753718, 5.3153662493589877, 0.9662542059148187, -3.14424226710008, 0.05999846919041698, 2.1858237915516541, 1.0, 1.0, 1.0]
['leg_chain_l_05_mover_offset', -0.50260411930680249, 1.7850413971029866, 0.21688827586304882, 0.59947402468756728, -0.022629533657962123, 4.3236223138357213, 1.0, 1.0, 1.0]
['leg_chain_l_06_mover_offset', -2.9725859001663819, -3.6904875427787545, 0.71218743858747757, 1.2556676784668175, 0.10646269025555302, -9.6921637227032367, 1.0, 1.0, 1.0]
['leg_chain_l_07_mover_offset', 1.0962988601493997, -5.3565263274120554, 1.2418116277856868, -4.03786197297178, 0.038879243561134091, 1.1028736831963193, 1.0, 1.0, 1.0]
['leg_chain_l_08_mover_offset', -0.057441786854405485, -5.743183883392291, -0.16211523242202475, -0.16895793396932179, -0.00011283335373269856, -0.076526377417671293, 1.0, 1.0, 1.0]
['leg_chain_l_09_mover_offset', -0.01836496750025075, -17.920439978607337, -0.17678594357858871, -0.99819090111528186, -2.9570423562850202e-05, -0.0033945763540717904, 1.0, 1.0, 1.0]
['leg_chain_l_010_mover_offset', 0.030346959015239466, -30.855312587002789, -0.51689715967294148, 1.5122949739435547, -0.0036424327908715611, 0.27598254319287957, 1.0, 1.0, 1.0]
['leg_chain_l_011_mover_offset', -0.058942446446944803, -81.602723050639668, -0.027675046611401379, 0.98576474475009546, -0.00082627526550039816, 0.096049096486008526, 1.0, 1.0, 1.0]
['leg_chain_l_012_mover_offset', -0.088883649977459719, -83.744677974864516, 0.27960052052810569, 0.0, 0.0, 0.0, 1.0, 1.0, 1.0]
['leg_chain_r_01_mover_offset', 0.0, 0.0, 0.0, -4.3040099760646982, -0.0027538876593519177, -0.073286035639949412, 1.0, 1.0, 1.0]
['leg_chain_r_02_mover_offset', 0.02516789909116568, 2.2743702290627823, -1.4766943040476619, 0.20183094569671067, -0.00025121203213219567, 0.14262794873199236, 1.0, 1.0, 1.0]
['leg_chain_r_03_mover_offset', -0.34455019128906628, 2.150597135569825, -1.2168031220487272, 5.3908017722585901, -0.3794593526993677, 8.0469420990933642, 1.0, 1.0, 1.0]
['leg_chain_r_04_mover_offset', -2.4774072034135273, 3.9041614231598203, 0.2390407380508961, 3.0793852250177687, 0.23772351089242397, -8.8266661077888617, 1.0, 1.0, 1.0]
['leg_chain_r_05_mover_offset', 0.16283040987579156, -1.3501443352183173, 0.97357812105239105, -0.17241951262105085, -0.0078990626146363974, -5.2461159270928812, 1.0, 1.0, 1.0]
['leg_chain_r_06_mover_offset', 2.4251958860125828, 1.3730642637288781, 0.91136837408313909, -4.3747848388200623, -0.098160668763298042, -2.5695062718091859, 1.0, 1.0, 1.0]
['leg_chain_r_07_mover_offset', 3.4519366703225902, 0.24670669691333558, -0.83562534479541029, -0.78770261091813909, 0.066062321207804822, 9.5878729656558068, 1.0, 1.0, 1.0]
['leg_chain_r_08_mover_offset', -0.76217282581206391, -4.6487468506416381, -1.6086598091068309, 3.7813871840181288, 0.048315046821651858, -1.4635333331778408, 1.0, 1.0, 1.0]
['leg_chain_r_09_mover_offset', -0.23338330258264342, -10.590339542043383, 0.045295245619547314, 0.71766982496173748, 0.0080170745187829132, -1.2800299188204409, 1.0, 1.0, 1.0]
['leg_chain_r_010_mover_offset', 0.69442914464083971, -20.105808665270217, 0.56132892780525001, -1.413549291374524, -0.024396467517929198, -1.9774407700700296, 1.0, 1.0, 1.0]
['leg_chain_r_011_mover_offset', 1.2004667621828111, 14.54620000846227, 0.19955902016370672, -0.031293801554523874, -0.0002635677449742034, -0.96510882128737496, 1.0, 1.0, 1.0]
['leg_chain_r_012_mover_offset', 1.4025539271485354, 46.54240661130148, 0.19300600329190087, 0.0, 0.0, 0.0, 1.0, 1.0, 1.0]
['lowerarm_mover_offset_l', 0.0, 0.0, 0.0, 0.0, 0.0, 0.0, 1.0, 1.0, 1.0]
['lowerarm_mover_offset_r', 0.0, 0.0, 0.0, 0.0, 0.0, 0.0, 1.0, 1.0, 1.0]
['lowerarm_twist_01_mover_offset_l', 0.0, 0.0, 0.0, 0.0, 0.0, 0.0, 1.0, 1.0, 1.0]
['lowerarm_twist_01_mover_offset_r', 0.0, 0.0, 0.0, 0.0, 0.0, 0.0, 1.0, 1.0, 1.0]
['lowerarm_twist_02_mover_offset_l', 0.0, 0.0, 0.0, 0.0, 0.0, 0.0, 1.0, 1.0, 1.0]
['lowerarm_twist_02_mover_offset_r', 0.0, 0.0, 0.0, 0.0, 0.0, 0.0, 1.0, 1.0, 1.0]
['lowerarm_twist_03_mover_offset_l', 0.0, 0.0, 0.0, 0.0, 0.0, 0.0, 1.0, 1.0, 1.0]
['lowerarm_twist_03_mover_offset_r', 0.0, 0.0, 0.0, 0.0, 0.0, 0.0, 1.0, 1.0, 1.0]
['middle_01_mover_offset_l', 0.0, 0.0, 0.0, 0.0, 0.0, 0.0, 1.0, 1.0, 1.0]
['middle_01_mover_offset_r', 0.0, 0.0, 0.0, 0.0, 0.0, 0.0, 1.0, 1.0, 1.0]
['middle_02_mover_offset_l', 0.0, 0.0, 0.0, 0.0, 0.0, 0.0, 1.0, 1.0, 1.0]
['middle_02_mover_offset_r', 0.0, 0.0, 0.0, 0.0, 0.0, 0.0, 1.0, 1.0, 1.0]
['middle_03_mover_offset_l', 0.0, 0.0, 0.0, 0.0, 0.0, 0.0, 1.0, 1.0, 1.0]
['middle_03_mover_offset_r', 0.0, 0.0, 0.0, 0.0, 0.0, 0.0, 1.0, 1.0, 1.0]
['middle_distal_phalange_mover_offset_l', 0.0, 0.0, 0.0, 0.0, 0.0, 0.0, 1.0, 1.0, 1.0]
['middle_distal_phalange_mover_offset_r', 0.0, 0.0, 0.0, 0.0, 0.0, 0.0, 1.0, 1.0, 1.0]
['middle_metacarpal_mover_offset_l', 0.0, 0.0, 0.0, 0.0, 0.0, 0.0, 1.0, 1.0, 1.0]
['middle_metacarpal_mover_offset_r', 0.0, 0.0, 0.0, 0.0, 0.0, 0.0, 1.0, 1.0, 1.0]
['middle_metatarsal_mover_offset_l', 0.0, 0.0, 0.0, 0.0, 0.0, 0.0, 1.0, 1.0, 1.0]
['middle_metatarsal_mover_offset_r', 0.0, 0.0, 0.0, 0.0, 0.0, 0.0, 1.0, 1.0, 1.0]
['middle_middle_phalange_mover_offset_l', 0.0, 0.0, 0.0, 0.0, 0.0, 0.0, 1.0, 1.0, 1.0]
['middle_middle_phalange_mover_offset_r', 0.0, 0.0, 0.0, 0.0, 0.0, 0.0, 1.0, 1.0, 1.0]
['middle_proximal_phalange_mover_offset_l', 0.0, 0.0, 0.0, 0.0, 0.0, 0.0, 1.0, 1.0, 1.0]
['middle_proximal_phalange_mover_offset_r', 0.0, 0.0, 0.0, 0.0, 0.0, 0.0, 1.0, 1.0, 1.0]
['neck_01_mover_offset', 0.0, 0.0, 0.0, 0.0, 0.0, 0.0, 1.0, 1.0, 1.0]
['neck_02_mover_offset', 0.0, 0.0, 0.0, 0.0, 0.0, 0.0, 1.0, 1.0, 1.0]
['pelvis_mover_offset', 0.0, 0.0, 0.0, 0.0, 0.0, 0.0, 1.0, 1.0, 1.0]
['pinky_01_mover_offset_l', 0.0, 0.0, 0.0, 0.0, 0.0, 0.0, 1.0, 1.0, 1.0]
['pinky_01_mover_offset_r', 0.0, 0.0, 0.0, 0.0, 0.0, 0.0, 1.0, 1.0, 1.0]
['pinky_02_mover_offset_l', 0.0, 0.0, 0.0, 0.0, 0.0, 0.0, 1.0, 1.0, 1.0]
['pinky_02_mover_offset_r', 0.0, 0.0, 0.0, 0.0, 0.0, 0.0, 1.0, 1.0, 1.0]
['pinky_03_mover_offset_l', 0.0, 0.0, 0.0, 0.0, 0.0, 0.0, 1.0, 1.0, 1.0]
['pinky_03_mover_offset_r', 0.0, 0.0, 0.0, 0.0, 0.0, 0.0, 1.0, 1.0, 1.0]
['pinky_distal_phalange_mover_offset_l', 0.0, 0.0, 0.0, 0.0, 0.0, 0.0, 1.0, 1.0, 1.0]
['pinky_distal_phalange_mover_offset_r', 0.0, 0.0, 0.0, 0.0, 0.0, 0.0, 1.0, 1.0, 1.0]
['pinky_metacarpal_mover_offset_l', 0.0, 0.0, 0.0, 0.0, 0.0, 0.0, 1.0, 1.0, 1.0]
['pinky_metacarpal_mover_offset_r', 0.0, 0.0, 0.0, 0.0, 0.0, 0.0, 1.0, 1.0, 1.0]
['pinky_metatarsal_mover_offset_l', 0.0, 0.0, 0.0, 0.0, 0.0, 0.0, 1.0, 1.0, 1.0]
['pinky_metatarsal_mover_offset_r', 0.0, 0.0, 0.0, 0.0, 0.0, 0.0, 1.0, 1.0, 1.0]
['pinky_middle_phalange_mover_offset_l', 0.0, 0.0, 0.0, 0.0, 0.0, 0.0, 1.0, 1.0, 1.0]
['pinky_middle_phalange_mover_offset_r', 0.0, 0.0, 0.0, 0.0, 0.0, 0.0, 1.0, 1.0, 1.0]
['pinky_proximal_phalange_mover_offset_l', 0.0, 0.0, 0.0, 0.0, 0.0, 0.0, 1.0, 1.0, 1.0]
['pinky_proximal_phalange_mover_offset_r', 0.0, 0.0, 0.0, 0.0, 0.0, 0.0, 1.0, 1.0, 1.0]
['ring_01_mover_offset_l', 0.0, 0.0, 0.0, 0.0, 0.0, 0.0, 1.0, 1.0, 1.0]
['ring_01_mover_offset_r', 0.0, 0.0, 0.0, 0.0, 0.0, 0.0, 1.0, 1.0, 1.0]
['ring_02_mover_offset_l', 0.0, 0.0, 0.0, 0.0, 0.0, 0.0, 1.0, 1.0, 1.0]
['ring_02_mover_offset_r', 0.0, 0.0, 0.0, 0.0, 0.0, 0.0, 1.0, 1.0, 1.0]
['ring_03_mover_offset_l', 0.0, 0.0, 0.0, 0.0, 0.0, 0.0, 1.0, 1.0, 1.0]
['ring_03_mover_offset_r', 0.0, 0.0, 0.0, 0.0, 0.0, 0.0, 1.0, 1.0, 1.0]
['ring_distal_phalange_mover_offset_l', 0.0, 0.0, 0.0, 0.0, 0.0, 0.0, 1.0, 1.0, 1.0]
['ring_distal_phalange_mover_offset_r', 0.0, 0.0, 0.0, 0.0, 0.0, 0.0, 1.0, 1.0, 1.0]
['ring_metacarpal_mover_offset_l', 0.0, 0.0, 0.0, 0.0, 0.0, 0.0, 1.0, 1.0, 1.0]
['ring_metacarpal_mover_offset_r', 0.0, 0.0, 0.0, 0.0, 0.0, 0.0, 1.0, 1.0, 1.0]
['ring_metatarsal_mover_offset_l', 0.0, 0.0, 0.0, 0.0, 0.0, 0.0, 1.0, 1.0, 1.0]
['ring_metatarsal_mover_offset_r', 0.0, 0.0, 0.0, 0.0, 0.0, 0.0, 1.0, 1.0, 1.0]
['ring_middle_phalange_mover_offset_l', 0.0, 0.0, 0.0, 0.0, 0.0, 0.0, 1.0, 1.0, 1.0]
['ring_middle_phalange_mover_offset_r', 0.0, 0.0, 0.0, 0.0, 0.0, 0.0, 1.0, 1.0, 1.0]
['ring_proximal_phalange_mover_offset_l', 0.0, 0.0, 0.0, 0.0, 0.0, 0.0, 1.0, 1.0, 1.0]
['ring_proximal_phalange_mover_offset_r', 0.0, 0.0, 0.0, 0.0, 0.0, 0.0, 1.0, 1.0, 1.0]
['spine_01_adj_mover_offset', 0.0, 0.0, 0.0, 0.0, 0.0, 0.0, 1.0, 1.0, 1.0]
['spine_01_mover_offset', 0.0, 0.0, 0.0, 0.0, 0.0, 0.0, 1.0, 1.0, 1.0]
['spine_02_adj_mover_offset', 0.0, 0.0, 0.0, 0.0, 0.0, 0.0, 1.0, 1.0, 1.0]
['spine_02_mover_offset', 0.0, 0.0, 0.0, 0.0, 0.0, 0.0, 1.0, 1.0, 1.0]
['spine_03_adj_mover_offset', 0.0, 0.0, 0.0, 0.0, 0.0, 0.0, 1.0, 1.0, 1.0]
['spine_03_mover_offset', 0.0, 0.0, 0.0, 0.0, 0.0, 0.0, 1.0, 1.0, 1.0]
['spine_04_adj_mover_offset', 0.0, 0.0, 0.0, 0.0, 0.0, 0.0, 1.0, 1.0, 1.0]
['spine_04_mover_offset', 0.0, 0.0, 0.0, 0.0, 0.0, 0.0, 1.0, 1.0, 1.0]
['spine_05_adj_mover_offset', 0.0, 0.0, 0.0, 0.0, 0.0, 0.0, 1.0, 1.0, 1.0]
['spine_05_mover_offset', 0.0, 0.0, 0.0, 0.0, 0.0, 0.0, 1.0, 1.0, 1.0]
['thigh_mover_offset_l', 0.0, 0.0, 0.0, -3.5063080994507807, 0.018166913963427435, -0.31768574467241983, 1.0, 1.0, 1.0]
['thigh_mover_offset_r', 0.0, 0.0, 0.0, -3.0286366548086501, -0.6393784312936176, 0.30383653261447696, 1.0, 1.0, 1.0]
['thumb_01_mover_offset_l', 0.0, 0.0, 0.0, 0.0, 0.0, 0.0, 1.0, 1.0, 1.0]
['thumb_01_mover_offset_r', 0.0, 0.0, 0.0, 0.0, 0.0, 0.0, 1.0, 1.0, 1.0]
['thumb_02_mover_offset_l', 0.0, 0.0, 0.0, 0.0, 0.0, 0.0, 1.0, 1.0, 1.0]
['thumb_02_mover_offset_r', 0.0, 0.0, 0.0, 0.0, 0.0, 0.0, 1.0, 1.0, 1.0]
['thumb_03_mover_offset_l', 0.0, 0.0, 0.0, 0.0, 0.0, 0.0, 1.0, 1.0, 1.0]
['thumb_03_mover_offset_r', 0.0, 0.0, 0.0, 0.0, 0.0, 0.0, 1.0, 1.0, 1.0]
['upperarm_mover_offset_l', 0.0, 0.0, 0.0, 0.0, 0.0, 0.0, 1.0, 1.0, 1.0]
['upperarm_mover_offset_r', 0.0, 0.0, 0.0, 0.0, 0.0, 0.0, 1.0, 1.0, 1.0]
['upperarm_twist_01_mover_offset_l', 0.0, 0.0, 0.0, 0.0, 0.0, 0.0, 1.0, 1.0, 1.0]
['upperarm_twist_01_mover_offset_r', 0.0, 0.0, 0.0, 0.0, 0.0, 0.0, 1.0, 1.0, 1.0]
['upperarm_twist_02_mover_offset_l', 0.0, 0.0, 0.0, 0.0, 0.0, 0.0, 1.0, 1.0, 1.0]
['upperarm_twist_02_mover_offset_r', 0.0, 0.0, 0.0, 0.0, 0.0, 0.0, 1.0, 1.0, 1.0]
['upperarm_twist_03_mover_offset_l', 0.0, 0.0, 0.0, 0.0, 0.0, 0.0, 1.0, 1.0, 1.0]
['upperarm_twist_03_mover_offset_r', 0.0, 0.0, 0.0, 0.0, 0.0, 0.0, 1.0, 1.0, 1.0]
['Eye_l_geo_mover', 0.0, 0.0, 0.0, 0.0, 0.0, 0.0, 1.0, 1.0, 1.0]
['Eye_r_geo_mover', 0.0, 0.0, 0.0, 0.0, 0.0, 0.0, 1.0, 1.0, 1.0]
['Jaw_geo_mover', 0.0, 0.0, 0.0, 0.0, 0.0, 0.0, 1.0, 1.0, 1.0]
['calf_geo_mover_l', 0.0, 0.0, 0.0, 0.0, 0.0, 0.0, 1.0, 1.0, 1.0]
['calf_geo_mover_r', 0.0, 0.0, 0.0, 0.0, 0.0, 0.0, 1.0, 1.0, 1.0]
['clavicle_geo_mover_l', 0.0, 0.0, 0.0, 0.0, 0.0, 0.0, 1.0, 1.0, 1.0]
['clavicle_geo_mover_r', 0.0, 0.0, 0.0, 0.0, 0.0, 0.0, 1.0, 1.0, 1.0]
['foot_geo_mover_l', 0.0, 0.0, 0.0, 0.0, 0.0, 0.0, 1.0, 1.0, 1.0]
['foot_geo_mover_r', 0.0, 0.0, 0.0, 0.0, 0.0, 0.0, 1.0, 1.0, 1.0]
['hairA_01_geo_mover', 0.0, 0.0, 0.0, 0.0, 0.0, 0.0, 1.0, 1.0, 1.0]
['hairA_02_geo_mover', 0.0, 0.0, 0.0, 0.0, 0.0, 0.0, 1.0, 1.0, 1.0]
['hairA_03_geo_mover', 0.0, 0.0, 0.0, 0.0, 0.0, 0.0, 1.0, 1.0, 1.0]
['hairB_01_geo_mover', 0.0, 0.0, 0.0, 0.0, 0.0, 0.0, 1.0, 1.0, 1.0]
['hairB_02_geo_mover', 0.0, 0.0, 0.0, 0.0, 0.0, 0.0, 1.0, 1.0, 1.0]
['hairB_03_geo_mover', 0.0, 0.0, 0.0, 0.0, 0.0, 0.0, 1.0, 1.0, 1.0]
['hairC_01_geo_mover', 0.0, 0.0, 0.0, 0.0, 0.0, 0.0, 1.0, 1.0, 1.0]
['hairC_02_geo_mover', 0.0, 0.0, 0.0, 0.0, 0.0, 0.0, 1.0, 1.0, 1.0]
['hairC_03_geo_mover', 0.0, 0.0, 0.0, 0.0, 0.0, 0.0, 1.0, 1.0, 1.0]
['hand_geo_mover_l', 0.0, 0.0, 0.0, 0.0, 0.0, 0.0, 1.0, 1.0, 1.0]
['hand_geo_mover_r', 0.0, 0.0, 0.0, 0.0, 0.0, 0.0, 1.0, 1.0, 1.0]
['head_geo_mover', 0.0, 0.0, 0.0, 0.0, 0.0, 0.0, 1.0, 1.0, 1.0]
['humpback_geo_mover', 0.0, 0.0, 0.0, 0.0, 0.0, 0.0, 1.0, 1.0, 1.0]
['index_01_geo_mover_r', 0.0, 0.0, 0.0, 0.0, 0.0, 0.0, 1.0, 1.0, 1.0]
['index_02_geo_mover_r', 0.0, 0.0, 0.0, 0.0, 0.0, 0.0, 1.0, 1.0, 1.0]
['index_03_geo_mover_r', 0.0, 0.0, 0.0, 0.0, 0.0, 0.0, 1.0, 1.0, 1.0]
['index_metacarpal_geo_mover_r', 0.0, 0.0, 0.0, 0.0, 0.0, 0.0, 1.0, 1.0, 1.0]
['leg_chain_l_01_geo_mover', 0.0, 0.0, 0.0, 0.0, 0.0, 0.0, 1.0, 1.0, 1.0]
['leg_chain_l_02_geo_mover', 0.0, 0.0, 0.0, 0.0, 0.0, 0.0, 1.0, 1.0, 1.0]
['leg_chain_l_03_geo_mover', 0.0, 0.0, 0.0, 0.0, 0.0, 0.0, 1.0, 1.0, 1.0]
['leg_chain_l_04_geo_mover', 0.0, 0.0, 0.0, 0.0, 0.0, 0.0, 1.0, 1.0, 1.0]
['leg_chain_l_05_geo_mover', 0.0, 0.0, 0.0, 0.0, 0.0, 0.0, 1.0, 1.0, 1.0]
['leg_chain_l_06_geo_mover', 0.0, 0.0, 0.0, 0.0, 0.0, 0.0, 1.0, 1.0, 1.0]
['leg_chain_l_07_geo_mover', 0.0, 0.0, 0.0, 0.0, 0.0, 0.0, 1.0, 1.0, 1.0]
['leg_chain_l_08_geo_mover', 0.0, 0.0, 0.0, 0.0, 0.0, 0.0, 1.0, 1.0, 1.0]
['leg_chain_l_09_geo_mover', 0.0, 0.0, 0.0, 0.0, 0.0, 0.0, 1.0, 1.0, 1.0]
['leg_chain_l_010_geo_mover', 0.0, 0.0, 0.0, 0.0, 0.0, 0.0, 1.0, 1.0, 1.0]
['leg_chain_l_011_geo_mover', 0.0, 0.0, 0.0, 0.0, 0.0, 0.0, 1.0, 1.0, 1.0]
['leg_chain_l_012_geo_mover', 0.0, 0.0, 0.0, 0.0, 0.0, 0.0, 1.0, 1.0, 1.0]
['leg_chain_r_01_geo_mover', 0.0, 0.0, 0.0, 0.0, 0.0, 0.0, 1.0, 1.0, 1.0]
['leg_chain_r_02_geo_mover', 0.0, 0.0, 0.0, 0.0, 0.0, 0.0, 1.0, 1.0, 1.0]
['leg_chain_r_03_geo_mover', 0.0, 0.0, 0.0, 0.0, 0.0, 0.0, 1.0, 1.0, 1.0]
['leg_chain_r_04_geo_mover', 0.0, 0.0, 0.0, 0.0, 0.0, 0.0, 1.0, 1.0, 1.0]
['leg_chain_r_05_geo_mover', 0.0, 0.0, 0.0, 0.0, 0.0, 0.0, 1.0, 1.0, 1.0]
['leg_chain_r_06_geo_mover', 0.0, 0.0, 0.0, 0.0, 0.0, 0.0, 1.0, 1.0, 1.0]
['leg_chain_r_07_geo_mover', 0.0, 0.0, 0.0, 0.0, 0.0, 0.0, 1.0, 1.0, 1.0]
['leg_chain_r_08_geo_mover', 0.0, 0.0, 0.0, 0.0, 0.0, 0.0, 1.0, 1.0, 1.0]
['leg_chain_r_09_geo_mover', 0.0, 0.0, 0.0, 0.0, 0.0, 0.0, 1.0, 1.0, 1.0]
['leg_chain_r_010_geo_mover', 0.0, 0.0, 0.0, 0.0, 0.0, 0.0, 1.0, 1.0, 1.0]
['leg_chain_r_011_geo_mover', 0.0, 0.0, 0.0, 0.0, 0.0, 0.0, 1.0, 1.0, 1.0]
['leg_chain_r_012_geo_mover', 0.0, 0.0, 0.0, 0.0, 0.0, 0.0, 1.0, 1.0, 1.0]
['lowerarm_geo_mover_l', 0.0, 0.0, 0.0, 0.0, 0.0, 0.0, 1.0, 1.0, 1.0]
['lowerarm_geo_mover_r', 0.0, 0.0, 0.0, 0.0, 0.0, 0.0, 1.0, 1.0, 1.0]
['lowerarm_twist_01_geo_mover_l', 0.0, 0.0, 0.0, 0.0, 0.0, 0.0, 1.0, 1.0, 1.0]
['lowerarm_twist_01_geo_mover_r', 0.0, 0.0, 0.0, 0.0, 0.0, 0.0, 1.0, 1.0, 1.0]
['lowerarm_twist_02_geo_mover_l', 0.0, 0.0, 0.0, 0.0, 0.0, 0.0, 1.0, 1.0, 1.0]
['lowerarm_twist_02_geo_mover_r', 0.0, 0.0, 0.0, 0.0, 0.0, 0.0, 1.0, 1.0, 1.0]
['lowerarm_twist_03_geo_mover_l', 0.0, 0.0, 0.0, 0.0, 0.0, 0.0, 1.0, 1.0, 1.0]
['lowerarm_twist_03_geo_mover_r', 0.0, 0.0, 0.0, 0.0, 0.0, 0.0, 1.0, 1.0, 1.0]
['middle_01_geo_mover_l', 0.0, 0.0, 0.0, 0.0, 0.0, 0.0, 1.0, 1.0, 1.0]
['middle_01_geo_mover_r', 0.0, 0.0, 0.0, 0.0, 0.0, 0.0, 1.0, 1.0, 1.0]
['middle_02_geo_mover_r', 0.0, 0.0, 0.0, 0.0, 0.0, 0.0, 1.0, 1.0, 1.0]
['middle_03_geo_mover_r', 0.0, 0.0, 0.0, 0.0, 0.0, 0.0, 1.0, 1.0, 1.0]
['middle_metacarpal_geo_mover_r', 0.0, 0.0, 0.0, 0.0, 0.0, 0.0, 1.0, 1.0, 1.0]
['neck_01_geo_mover', 0.0, 0.0, 0.0, 0.0, 0.0, 0.0, 1.0, 1.0, 1.0]
['neck_02_geo_mover', 0.0, 0.0, 0.0, 0.0, 0.0, 0.0, 1.0, 1.0, 1.0]
['pelvis_geo_mover', 0.0, 0.0, 0.0, 0.0, 0.0, 0.0, 1.0, 1.0, 1.0]
['ring_01_geo_mover_r', 0.0, 0.0, 0.0, 0.0, 0.0, 0.0, 1.0, 1.0, 1.0]
['ring_02_geo_mover_r', 0.0, 0.0, 0.0, 0.0, 0.0, 0.0, 1.0, 1.0, 1.0]
['ring_03_geo_mover_r', 0.0, 0.0, 0.0, 0.0, 0.0, 0.0, 1.0, 1.0, 1.0]
['ring_metacarpal_geo_mover_r', 0.0, 0.0, 0.0, 0.0, 0.0, 0.0, 1.0, 1.0, 1.0]
['spine_01_adj_geo_mover', 0.0, 0.0, 0.0, 0.0, 0.0, 0.0, 1.0, 1.0, 1.0]
['spine_01_geo_mover', 0.0, 0.0, 0.0, 0.0, 0.0, 0.0, 1.0, 1.0, 1.0]
['spine_02_adj_geo_mover', 0.0, 0.0, 0.0, 0.0, 0.0, 0.0, 1.0, 1.0, 1.0]
['spine_02_geo_mover', 0.0, 0.0, 0.0, 0.0, 0.0, 0.0, 1.0, 1.0, 1.0]
['spine_03_adj_geo_mover', 0.0, 0.0, 0.0, 0.0, 0.0, 0.0, 1.0, 1.0, 1.0]
['spine_03_geo_mover', 0.0, 0.0, 0.0, 0.0, 0.0, 0.0, 1.0, 1.0, 1.0]
['spine_04_adj_geo_mover', 0.0, 0.0, 0.0, 0.0, 0.0, 0.0, 1.0, 1.0, 1.0]
['spine_04_geo_mover', 0.0, 0.0, 0.0, 0.0, 0.0, 0.0, 1.0, 1.0, 1.0]
['spine_05_adj_geo_mover', 0.0, 0.0, 0.0, 0.0, 0.0, 0.0, 1.0, 1.0, 1.0]
['spine_05_geo_mover', 0.0, 0.0, 0.0, 0.0, 0.0, 0.0, 1.0, 1.0, 1.0]
['thigh_geo_mover_l', 0.0, 0.0, 0.0, 0.0, 0.0, 0.0, 1.0, 1.0, 1.0]
['thigh_geo_mover_r', 0.0, 0.0, 0.0, 0.0, 0.0, 0.0, 1.0, 1.0, 1.0]
['thumb_01_geo_mover_r', 0.0, 0.0, 0.0, 0.0, 0.0, 0.0, 1.0, 1.0, 1.0]
['thumb_02_geo_mover_r', 0.0, 0.0, 0.0, 0.0, 0.0, 0.0, 1.0, 1.0, 1.0]
['thumb_03_geo_mover_r', 0.0, 0.0, 0.0, 0.0, 0.0, 0.0, 1.0, 1.0, 1.0]
['upperarm_geo_mover_l', 0.0, 0.0, 0.0, 0.0, 0.0, 0.0, 1.0, 1.0, 1.0]
['upperarm_geo_mover_r', 0.0, 0.0, 0.0, 0.0, 0.0, 0.0, 1.0, 1.0, 1.0]
['upperarm_twist_01_geo_mover_l', 0.0, 0.0, 0.0, 0.0, 0.0, 0.0, 1.0, 1.0, 1.0]
['upperarm_twist_01_geo_mover_r', 0.0, 0.0, 0.0, 0.0, 0.0, 0.0, 1.0, 1.0, 1.0]
['upperarm_twist_02_geo_mover_l', 0.0, 0.0, 0.0, 0.0, 0.0, 0.0, 1.0, 1.0, 1.0]
['upperarm_twist_02_geo_mover_r', 0.0, 0.0, 0.0, 0.0, 0.0, 0.0, 1.0, 1.0, 1.0]
['upperarm_twist_03_geo_mover_l', 0.0, 0.0, 0.0, 0.0, 0.0, 0.0, 1.0, 1.0, 1.0]
['upperarm_twist_03_geo_mover_r', 0.0, 0.0, 0.0, 0.0, 0.0, 0.0, 1.0, 1.0, 1.0]
['Eye_l_lra', 0.0, 0.0, 0.0, 0.0, 0.0, 0.0, 1.0, 1.0, 1.0]
['Eye_r_lra', 0.0, 0.0, 0.0, 0.0, 0.0, 0.0, 1.0, 1.0, 1.0]
['Jaw_lra', 0.0, 0.0, 0.0, 0.0, 0.0, 0.0, 1.0, 1.0, 1.0]
['ball_l_lra', 0.0, 0.0, 0.0, 0.0, 0.0, 0.0, 1.0, 1.0, 1.0]
['ball_r_lra', 0.0, 0.0, 0.0, 0.0, 0.0, 0.0, 1.0, 1.0, 1.0]
['bigtoe_distal_phalange_l_lra', 0.0, 0.0, 0.0, 0.0, 0.0, 0.0, 1.0, 1.0, 1.0]
['bigtoe_distal_phalange_r_lra', 0.0, 0.0, 0.0, 0.0, 0.0, 0.0, 1.0, 1.0, 1.0]
['bigtoe_metatarsal_l_lra', 0.0, 0.0, 0.0, 0.0, 0.0, 0.0, 1.0, 1.0, 1.0]
['bigtoe_metatarsal_r_lra', 0.0, 0.0, 0.0, 0.0, 0.0, 0.0, 1.0, 1.0, 1.0]
['bigtoe_proximal_phalange_l_lra', 0.0, 0.0, 0.0, 0.0, 0.0, 0.0, 1.0, 1.0, 1.0]
['bigtoe_proximal_phalange_r_lra', 0.0, 0.0, 0.0, 0.0, 0.0, 0.0, 1.0, 1.0, 1.0]
['calf_l_lra', 0.0, 0.0, 0.0, 0.0, 0.0, 0.0, 1.0, 1.0, 1.0]
['calf_r_lra', 0.0, 0.0, 0.0, 0.0, 0.0, 0.0, 1.0, 1.0, 1.0]
['clavicle_l_lra', 0.0, -1.8873791418627661e-15, 0.0, -1.987846675914698e-16, -0.0, 0.0, 1.0, 1.0, 1.0]
['clavicle_r_lra', 0.0, 0.0, 0.0, 0.0, 0.0, 0.0, 1.0, 1.0, 1.0]
['foot_l_lra', 0.0, 0.0, 0.0, 0.0, 0.0, 0.0, 1.0, 1.0, 1.0]
['foot_r_lra', 0.0, 0.0, 0.0, 0.0, 0.0, 0.0, 1.0, 1.0, 1.0]
['hairA_01_lra', 0.0, 0.0, 0.0, 0.0, 0.0, 0.0, 1.0, 1.0, 1.0]
['hairA_02_lra', 0.0, 0.0, 0.0, 0.0, 0.0, 0.0, 1.0, 1.0, 1.0]
['hairA_03_lra', 0.0, 0.0, 0.0, 0.0, 0.0, 0.0, 1.0, 1.0, 1.0]
['hairB_01_lra', 0.0, 0.0, 0.0, 0.0, 0.0, 0.0, 1.0, 1.0, 1.0]
['hairB_02_lra', 0.0, 0.0, 0.0, 0.0, 0.0, 0.0, 1.0, 1.0, 1.0]
['hairB_03_lra', 0.0, 0.0, 0.0, 0.0, 0.0, 0.0, 1.0, 1.0, 1.0]
['hairC_01_lra', 0.0, 0.0, 0.0, 0.0, 0.0, 0.0, 1.0, 1.0, 1.0]
['hairC_02_lra', 0.0, 0.0, 0.0, 0.0, 0.0, 0.0, 1.0, 1.0, 1.0]
['hairC_03_lra', 0.0, 0.0, 0.0, 0.0, 0.0, 0.0, 1.0, 1.0, 1.0]
['hand_l_lra', 0.0, 0.0, 0.0, 0.0, 0.0, 0.0, 1.0, 1.0, 1.0]
['hand_r_lra', 0.0, 0.0, 0.0, 0.0, 0.0, 0.0, 1.0, 1.0, 1.0]
['head_lra', -5.6843418860808015e-14, 8.8817841970012523e-16, 0.0, -3.531125038440126e-31, -1.2722218725854073e-14, 0.0, 1.0000000000000002, 1.0000000000000002, 1.0]
['humpback_lra', 0.0, 0.0, 0.0, 0.0, 0.0, 0.0, 1.0, 1.0, 1.0]
['index_01_l_lra', 8.5265128291212022e-14, 2.8421709430404007e-14, -3.5527136788005009e-15, 1.9083328088781101e-14, -4.7708320221952752e-15, -3.1805546814635168e-15, 1.0, 1.0, 1.0000000000000002]
['index_01_r_lra', 0.0, 0.0, 0.0, 0.0, 0.0, 0.0, 1.0, 1.0, 1.0]
['index_02_l_lra', 5.6843418860808015e-14, 2.8421709430404007e-14, 0.0, 1.3517357396219947e-14, -6.361109362927032e-15, 9.5416640443905471e-15, 1.0000000000000002, 1.0, 1.0000000000000002]
['index_02_r_lra', 0.0, 0.0, 0.0, 0.0, 0.0, 0.0, 1.0, 1.0, 1.0]
['index_03_l_lra', 2.8421709430404007e-14, 0.0, 3.5527136788005009e-15, 1.1927080055488182e-15, 7.9513867036587888e-15, -3.1805546814635152e-15, 1.0000000000000004, 1.0000000000000004, 1.0000000000000004]
['index_03_r_lra', 0.0, 0.0, 0.0, 0.0, 0.0, 0.0, 1.0, 1.0, 1.0]
['index_distal_phalange_l_lra', 0.0, 0.0, 0.0, 0.0, 0.0, 0.0, 1.0, 1.0, 1.0]
['index_distal_phalange_r_lra', 0.0, 0.0, 0.0, 0.0, 0.0, 0.0, 1.0, 1.0, 1.0]
['index_metacarpal_l_lra', 0.0, 0.0, 0.0, 0.0, 0.0, 0.0, 1.0, 1.0, 1.0]
['index_metacarpal_r_lra', 2.8421709430404007e-14, -2.8421709430404007e-14, 3.1086244689504383e-15, -2.9022561468354581e-14, 7.1562480332929104e-15, 3.1805546814635152e-15, 1.0000000000000004, 1.0000000000000004, 1.0000000000000004]
['index_metatarsal_l_lra', 0.0, 0.0, 0.0, 0.0, 0.0, 0.0, 1.0, 1.0, 1.0]
['index_metatarsal_r_lra', 0.0, 0.0, 0.0, 0.0, 0.0, 0.0, 1.0, 1.0, 1.0]
['index_middle_phalange_l_lra', 0.0, 0.0, 0.0, 0.0, 0.0, 0.0, 1.0, 1.0, 1.0]
['index_middle_phalange_r_lra', 0.0, 0.0, 0.0, 0.0, 0.0, 0.0, 1.0, 1.0, 1.0]
['index_proximal_phalange_l_lra', 0.0, 0.0, 0.0, 0.0, 0.0, 0.0, 1.0, 1.0, 1.0]
['index_proximal_phalange_r_lra', 0.0, 0.0, 0.0, 0.0, 0.0, 0.0, 1.0, 1.0, 1.0]
['leg_chain_l_01_lra', 0.0, 0.0, 0.0, 0.0, 0.0, 0.0, 1.0, 1.0, 1.0]
['leg_chain_l_02_lra', 0.0, 0.0, 0.0, 0.0, 0.0, 0.0, 1.0, 1.0, 1.0]
['leg_chain_l_03_lra', 0.0, 0.0, 0.0, 0.0, 0.0, 0.0, 1.0, 1.0, 1.0]
['leg_chain_l_04_lra', 0.0, 0.0, 0.0, 0.0, 0.0, 0.0, 1.0, 1.0, 1.0]
['leg_chain_l_05_lra', 0.0, 0.0, 0.0, 0.0, 0.0, 0.0, 1.0, 1.0, 1.0]
['leg_chain_l_06_lra', 0.0, 0.0, 0.0, 0.0, 0.0, 0.0, 1.0, 1.0, 1.0]
['leg_chain_l_07_lra', 0.0, 0.0, 0.0, 0.0, 0.0, 0.0, 1.0, 1.0, 1.0]
['leg_chain_l_08_lra', 0.0, 0.0, 0.0, 0.0, 0.0, 0.0, 1.0, 1.0, 1.0]
['leg_chain_l_09_lra', 0.0, 0.0, 0.0, 0.0, 0.0, 0.0, 1.0, 1.0, 1.0]
['leg_chain_l_010_lra', 0.0, 0.0, 0.0, 0.0, 0.0, 0.0, 1.0, 1.0, 1.0]
['leg_chain_l_011_lra', 0.0, 0.0, 0.0, 0.0, 0.0, 0.0, 1.0, 1.0, 1.0]
['leg_chain_l_012_lra', 0.0, 0.0, 0.0, 0.0, 0.0, 0.0, 1.0, 1.0, 1.0]
['leg_chain_r_01_lra', 0.0, 0.0, 0.0, 0.0, 0.0, 0.0, 1.0, 1.0, 1.0]
['leg_chain_r_02_lra', 0.0, 0.0, 0.0, 0.0, 0.0, 0.0, 1.0, 1.0, 1.0]
['leg_chain_r_03_lra', 0.0, 0.0, 0.0, 0.0, 0.0, 0.0, 1.0, 1.0, 1.0]
['leg_chain_r_04_lra', 0.0, 0.0, 0.0, 0.0, 0.0, 0.0, 1.0, 1.0, 1.0]
['leg_chain_r_05_lra', 0.0, 0.0, 0.0, 0.0, 0.0, 0.0, 1.0, 1.0, 1.0]
['leg_chain_r_06_lra', 0.0, 0.0, 0.0, 0.0, 0.0, 0.0, 1.0, 1.0, 1.0]
['leg_chain_r_07_lra', 0.0, 0.0, 0.0, 0.0, 0.0, 0.0, 1.0, 1.0, 1.0]
['leg_chain_r_08_lra', 0.0, 0.0, 0.0, 0.0, 0.0, 0.0, 1.0, 1.0, 1.0]
['leg_chain_r_09_lra', 0.0, 0.0, 0.0, 0.0, 0.0, 0.0, 1.0, 1.0, 1.0]
['leg_chain_r_010_lra', 0.0, 0.0, 0.0, 0.0, 0.0, 0.0, 1.0, 1.0, 1.0]
['leg_chain_r_011_lra', 0.0, 0.0, 0.0, 0.0, 0.0, 0.0, 1.0, 1.0, 1.0]
['leg_chain_r_012_lra', 0.0, 0.0, 0.0, 0.0, 0.0, 0.0, 1.0, 1.0, 1.0]
['lowerarm_l_lra', 2.8421709430404007e-14, 7.1054273576010019e-15, -2.8421709430404007e-14, -1.1927080055488188e-15, -3.1805546814635168e-15, 1.5902773407317584e-15, 1.0, 1.0, 0.99999999999999989]
['lowerarm_r_lra', 0.0, 0.0, 0.0, 0.0, 0.0, 0.0, 1.0, 1.0, 1.0]
['lowerarm_twist_01_l_lra', 0.0, 0.0, 0.0, 0.0, 0.0, 0.0, 1.0, 1.0, 1.0]
['lowerarm_twist_01_r_lra', 0.0, 0.0, 0.0, 0.0, 0.0, 0.0, 1.0, 1.0, 1.0]
['lowerarm_twist_02_l_lra', 0.0, 0.0, 0.0, 0.0, 0.0, 0.0, 1.0, 1.0, 1.0]
['lowerarm_twist_02_r_lra', 0.0, 0.0, 0.0, 0.0, 0.0, 0.0, 1.0, 1.0, 1.0]
['lowerarm_twist_03_l_lra', 0.0, 0.0, 0.0, 0.0, 0.0, 0.0, 1.0, 1.0, 1.0]
['lowerarm_twist_03_r_lra', 0.0, 0.0, 0.0, 0.0, 0.0, 0.0, 1.0, 1.0, 1.0]
['middle_01_l_lra', 0.0, 0.0, 0.0, 0.0, 0.0, 0.0, 1.0, 1.0, 1.0]
['middle_01_r_lra', 0.0, 0.0, 0.0, 0.0, 0.0, 0.0, 1.0, 1.0, 1.0]
['middle_02_l_lra', 0.0, 0.0, 0.0, 0.0, 0.0, 0.0, 1.0, 1.0, 1.0]
['middle_02_r_lra', 0.0, 0.0, 0.0, 0.0, 0.0, 0.0, 1.0, 1.0, 1.0]
['middle_03_l_lra', 1.4210854715202004e-13, 2.8421709430404007e-14, 0.0, -7.3550327008843819e-15, -9.9392333795734934e-15, 0.0, 0.99999999999999978, 1.0, 1.0]
['middle_03_r_lra', 0.0, 0.0, 0.0, 0.0, 0.0, 0.0, 1.0, 1.0, 1.0]
['middle_distal_phalange_l_lra', 0.0, 0.0, 0.0, 0.0, 0.0, 0.0, 1.0, 1.0, 1.0]
['middle_distal_phalange_r_lra', 0.0, 0.0, 0.0, 0.0, 0.0, 0.0, 1.0, 1.0, 1.0]
['middle_metacarpal_l_lra', 0.0, 0.0, 0.0, 0.0, 0.0, 0.0, 1.0, 1.0, 1.0]
['middle_metacarpal_r_lra', 0.0, 0.0, 0.0, 0.0, 0.0, 0.0, 1.0, 1.0, 1.0]
['middle_metatarsal_l_lra', 0.0, 0.0, 0.0, 0.0, 0.0, 0.0, 1.0, 1.0, 1.0]
['middle_metatarsal_r_lra', 0.0, 0.0, 0.0, 0.0, 0.0, 0.0, 1.0, 1.0, 1.0]
['middle_middle_phalange_l_lra', 0.0, 0.0, 0.0, 0.0, 0.0, 0.0, 1.0, 1.0, 1.0]
['middle_middle_phalange_r_lra', 0.0, 0.0, 0.0, 0.0, 0.0, 0.0, 1.0, 1.0, 1.0]
['middle_proximal_phalange_l_lra', 0.0, 0.0, 0.0, 0.0, 0.0, 0.0, 1.0, 1.0, 1.0]
['middle_proximal_phalange_r_lra', 0.0, 0.0, 0.0, 0.0, 0.0, 0.0, 1.0, 1.0, 1.0]
['neck_01_lra', 0.0, 0.0, 0.0, 0.0, 0.0, 0.0, 1.0, 1.0, 1.0]
['neck_02_lra', 0.0, 0.0, 0.0, 0.0, 0.0, 0.0, 1.0, 1.0, 1.0]
['pelvis_lra', 0.0, 0.0, 0.0, 0.0, 0.0, 0.0, 1.0, 1.0, 1.0]
['pinky_01_l_lra', 0.0, 0.0, 0.0, -1.1927080055488186e-14, 3.1805546814635168e-15, -6.3611093629270335e-15, 1.0, 1.0000000000000002, 1.0000000000000002]
['pinky_01_r_lra', 0.0, 0.0, 0.0, 0.0, 0.0, 0.0, 1.0, 1.0, 1.0]
['pinky_02_l_lra', 0.0, 0.0, 0.0, 0.0, 0.0, 0.0, 1.0, 1.0, 1.0]
['pinky_02_r_lra', 0.0, 0.0, 0.0, 0.0, 0.0, 0.0, 1.0, 1.0, 1.0]
['pinky_03_l_lra', 0.0, 0.0, 0.0, 0.0, 0.0, 0.0, 1.0, 1.0, 1.0]
['pinky_03_r_lra', 0.0, 0.0, 0.0, 0.0, 0.0, 0.0, 1.0, 1.0, 1.0]
['pinky_distal_phalange_l_lra', 0.0, 0.0, 0.0, 0.0, 0.0, 0.0, 1.0, 1.0, 1.0]
['pinky_distal_phalange_r_lra', 0.0, 0.0, 0.0, 0.0, 0.0, 0.0, 1.0, 1.0, 1.0]
['pinky_metacarpal_l_lra', 0.0, 0.0, 0.0, 0.0, 0.0, 0.0, 1.0, 1.0, 1.0]
['pinky_metacarpal_r_lra', 0.0, 0.0, 0.0, 0.0, 0.0, 0.0, 1.0, 1.0, 1.0]
['pinky_metatarsal_l_lra', 0.0, 0.0, 0.0, 0.0, 0.0, 0.0, 1.0, 1.0, 1.0]
['pinky_metatarsal_r_lra', 0.0, 0.0, 0.0, 0.0, 0.0, 0.0, 1.0, 1.0, 1.0]
['pinky_middle_phalange_l_lra', 0.0, 0.0, 0.0, 0.0, 0.0, 0.0, 1.0, 1.0, 1.0]
['pinky_middle_phalange_r_lra', 0.0, 0.0, 0.0, 0.0, 0.0, 0.0, 1.0, 1.0, 1.0]
['pinky_proximal_phalange_l_lra', 0.0, 0.0, 0.0, 0.0, 0.0, 0.0, 1.0, 1.0, 1.0]
['pinky_proximal_phalange_r_lra', 0.0, 0.0, 0.0, 0.0, 0.0, 0.0, 1.0, 1.0, 1.0]
['ring_01_l_lra', 5.6843418860808015e-14, 0.0, -3.5527136788005009e-15, -5.9635400277440935e-15, 9.1440947092076103e-15, -9.5416640443905503e-15, 1.0, 1.0, 1.0]
['ring_01_r_lra', 0.0, 0.0, 0.0, 0.0, 0.0, 0.0, 1.0, 1.0, 1.0]
['ring_02_l_lra', 0.0, 0.0, 0.0, 0.0, 0.0, 0.0, 1.0, 1.0, 1.0]
['ring_02_r_lra', 0.0, 0.0, 0.0, 0.0, 0.0, 0.0, 1.0, 1.0, 1.0]
['ring_03_l_lra', 0.0, 0.0, 0.0, 0.0, 0.0, 0.0, 1.0, 1.0, 1.0]
['ring_03_r_lra', 0.0, 0.0, 0.0, 0.0, 0.0, 0.0, 1.0, 1.0, 1.0]
['ring_distal_phalange_l_lra', 0.0, 0.0, 0.0, 0.0, 0.0, 0.0, 1.0, 1.0, 1.0]
['ring_distal_phalange_r_lra', 0.0, 0.0, 0.0, 0.0, 0.0, 0.0, 1.0, 1.0, 1.0]
['ring_metacarpal_l_lra', 0.0, 0.0, 0.0, 0.0, 0.0, 0.0, 1.0, 1.0, 1.0]
['ring_metacarpal_r_lra', 0.0, 0.0, 0.0, 0.0, 0.0, 0.0, 1.0, 1.0, 1.0]
['ring_metatarsal_l_lra', 0.0, 0.0, 0.0, 0.0, 0.0, 0.0, 1.0, 1.0, 1.0]
['ring_metatarsal_r_lra', 0.0, 0.0, 0.0, 0.0, 0.0, 0.0, 1.0, 1.0, 1.0]
['ring_middle_phalange_l_lra', 0.0, 0.0, 0.0, 0.0, 0.0, 0.0, 1.0, 1.0, 1.0]
['ring_middle_phalange_r_lra', 0.0, 0.0, 0.0, 0.0, 0.0, 0.0, 1.0, 1.0, 1.0]
['ring_proximal_phalange_l_lra', 0.0, 0.0, 0.0, 0.0, 0.0, 0.0, 1.0, 1.0, 1.0]
['ring_proximal_phalange_r_lra', 0.0, 0.0, 0.0, 0.0, 0.0, 0.0, 1.0, 1.0, 1.0]
['root_lra', 0.0, 0.0, 0.0, 0.0, 0.0, 0.0, 1.0, 1.0, 1.0]
['spine_01_adj_lra', 0.0, 0.0, 0.0, 0.0, 0.0, 0.0, 1.0, 1.0, 1.0]
['spine_01_lra', 0.0, 0.0, 0.0, 0.0, 0.0, 0.0, 1.0, 1.0, 1.0]
['spine_02_adj_lra', 0.0, 0.0, 0.0, 0.0, 0.0, 0.0, 1.0, 1.0, 1.0]
['spine_02_lra', 0.0, 0.0, 0.0, 0.0, 0.0, 0.0, 1.0, 1.0, 1.0]
['spine_03_adj_lra', 0.0, 0.0, 0.0, 0.0, 0.0, 0.0, 1.0, 1.0, 1.0]
['spine_03_lra', 0.0, 0.0, 0.0, 0.0, 0.0, 0.0, 1.0, 1.0, 1.0]
['spine_04_adj_lra', 0.0, 0.0, 0.0, 0.0, 0.0, 0.0, 1.0, 1.0, 1.0]
['spine_04_lra', 0.0, 0.0, 0.0, 0.0, 0.0, 0.0, 1.0, 1.0, 1.0]
['spine_05_adj_lra', 0.0, 0.0, 0.0, 0.0, 0.0, 0.0, 1.0, 1.0, 1.0]
['spine_05_lra', 0.0, 0.0, 0.0, 0.0, 0.0, 0.0, 1.0, 1.0, 1.0]
['thigh_l_lra', 0.0, 0.0, 0.0, 0.0, 0.0, 0.0, 1.0, 1.0, 1.0]
['thigh_r_lra', 0.0, 0.0, 0.0, 0.0, 0.0, 0.0, 1.0, 1.0, 1.0]
['thumb_01_l_lra', 0.0, -2.8421709430404007e-14, 7.1054273576010019e-15, 1.590277340731758e-15, 1.5902773407317576e-15, -1.5902773407317578e-14, 1.0000000000000004, 1.0000000000000002, 1.0000000000000007]
['thumb_01_r_lra', 0.0, 0.0, 0.0, 0.0, 0.0, 0.0, 1.0, 1.0, 1.0]
['thumb_02_l_lra', -2.8421709430404007e-14, -2.8421709430404007e-14, 7.1054273576010019e-15, -1.7493050748049341e-14, 1.5902773407317584e-15, -3.1805546814635168e-15, 1.0, 1.0, 1.0]
['thumb_02_r_lra', 0.0, 0.0, 0.0, 0.0, 0.0, 0.0, 1.0, 1.0, 1.0]
['thumb_03_l_lra', 2.8421709430404007e-14, 0.0, 7.1054273576010019e-15, -3.180554681463516e-15, 1.1131941385122302e-14, 6.3611093629270304e-15, 1.0000000000000004, 1.0000000000000002, 1.0000000000000004]
['thumb_03_r_lra', 0.0, 0.0, 0.0, 0.0, 0.0, 0.0, 1.0, 1.0, 1.0]
['upperarm_l_lra', 0.0, 0.0, 0.0, 0.0, 0.0, 0.0, 1.0, 1.0, 1.0]
['upperarm_r_lra', 0.0, 0.0, 0.0, 0.0, 0.0, 0.0, 1.0, 1.0, 1.0]
['upperarm_twist_01_l_lra', 0.0, 0.0, 0.0, 0.0, 0.0, 0.0, 1.0, 1.0, 1.0]
['upperarm_twist_01_r_lra', 0.0, 0.0, 0.0, 0.0, 0.0, 0.0, 1.0, 1.0, 1.0]
['upperarm_twist_02_l_lra', 0.0, 0.0, 0.0, 0.0, 0.0, 0.0, 1.0, 1.0, 1.0]
['upperarm_twist_02_r_lra', 0.0, 0.0, 0.0, 0.0, 0.0, 0.0, 1.0, 1.0, 1.0]
['upperarm_twist_03_l_lra', 0.0, 0.0, 0.0, 0.0, 0.0, 0.0, 1.0, 1.0, 1.0]
['upperarm_twist_03_r_lra', 0.0, 0.0, 0.0, 0.0, 0.0, 0.0, 1.0, 1.0, 1.0]
