['attach_mover', 0.0, 0.0, 0.0, 0.0, 0.0, 0.0, 1.0, 1.0, 1.0]
['ball_mover_l', 9.0256093363760961, -7.5230883986126615, -1.6683664103830154, -1.4607844098133207, 0.79210787032912755, -0.0622620428005249, 1.0, 1.0, 1.0]
['ball_mover_r', -9.025609016418457, 7.5230884552001953, 1.6683664321899414, -1.4607844098133207, 0.79210787032912755, -0.0622620428005249, 1.0, 1.0, 1.0]
['bigtoe_distal_phalange_mover_l', -2.8421709430404007e-14, 3.5527136788005009e-15, -2.8421709430404007e-14, 0.0, 0.0, -1.5902773407317584e-15, 1.0, 1.0, 1.0]
['bigtoe_distal_phalange_mover_r', -0.0, -0.0, -0.0, 0.0, 0.0, -1.5902773407317584e-15, 1.0, 1.0, 1.0]
['bigtoe_metatarsal_mover_l', -2.5199152705920209, -0.063915339898979795, -2.3535377293002533, -2.0791311018583425, 8.479149321159408, -0.20446046389874084, 1.0, 1.0, 1.0]
['bigtoe_metatarsal_mover_r', 2.5199153423309326, 0.063915342092514038, 2.3535377979278564, -2.0791311018583425, 8.479149321159408, -0.20446046389874084, 1.0, 1.0, 1.0]
['bigtoe_proximal_phalange_mover_l', -1.8529192751430337, 0.22592163036626722, -4.6200040299882907, -3.0694879850373802, 8.1525116827900579, 0.38854882079386016, 1.0, 1.0, 1.0]
['bigtoe_proximal_phalange_mover_r', -0.0, -0.0, -0.0, -3.0694879850373802, 8.1525116827900579, 0.38854882079386016, 1.0, 1.0, 1.0]
['calf_mover_l', 16.073140210436392, -1.4651984186937952, -2.172540550446783, 0.35996103003146229, -4.4476376050081097, -1.5193998995580238, 0.95499999999999996, 0.95499999999999996, 0.95499999999999996]
['calf_mover_r', -16.073141098022461, 1.4651983976364136, 2.1725406646728516, 0.35996103003146229, -4.4476376050081097, -1.5193998995580238, 0.95499999999999996, 0.95499999999999996, 0.95499999999999996]
['calf_twist_01_mover_l', 0.062784783346984341, -3.5273765771817747, 2.2376009025863723, 0.051145533887504833, 1.6054039018077515, 1.8526711588529323, 1.0, 1.0, 1.0]
['calf_twist_01_mover_r', -0.062784783542156219, 3.527376651763916, -2.2376008033752441, 0.051145533887504833, 1.6054039018077515, 1.8526711588529323, 1.0, 1.0, 1.0]
['calf_twist_02_mover_l', 0.012845679255818254, -1.763683416230716, 0.70863301999028039, 0.051145533887504833, 1.6054039018077515, 1.8526711588529323, 1.0, 1.0, 1.0]
['calf_twist_02_mover_r', -0.012845679186284542, 1.7636834383010864, -0.70863300561904907, 0.051145533887504833, 1.6054039018077515, 1.8526711588529323, 1.0, 1.0, 1.0]
['clavicle_mover_l', 0.76277324878053943, -5.5365417882467618, 23.698732109186039, 193.07001173667911, 170.2560081683271, 193.39401844953377, 0.98180110768351547, 0.98180110768351547, 0.98180110768351547]
['clavicle_mover_r', -0.76277327537536621, 5.5365419387817383, -23.698732376098633, 193.07001173667911, 170.2560081683271, 193.39401844953377, 0.98180110768351547, 0.98180110768351547, 0.98180110768351547]
['foot_mover_l', -8.2280020072572242, 2.7697621804237986, -0.32123061764047023, -15.000177452969702, 1.7669221151949361, -0.0041872492816286133, 1.0, 1.0, 1.0]
['foot_mover_r', 8.228001594543457, -2.7697622776031494, 0.32123062014579773, -15.000177452969702, 1.7669221151949361, -0.0041872492816286133, 1.0, 1.0, 1.0]
['hand_mid_pivot_mover_l', 0.0, 0.0, 0.0, 0.0, 0.0, 0.0, 1.0, 1.0, 1.0]
['hand_mid_pivot_mover_r', 0.0, 0.0, 0.0, 0.0, 0.0, 0.0, 1.0, 1.0, 1.0]
['hand_mover_l', 5.5669723875690522, 1.2447584473170537, 0.9007348351486506, -0.044894677005852118, 3.7479915711992682, 2.7222707737954912, 1.0, 1.0, 1.0]
['hand_mover_r', -5.5669722557067871, -1.2447584867477417, -0.90073484182357788, -0.044894677005852118, 3.7479915711992682, 2.7222707737954912, 1.0, 1.0, 1.0]
['hand_pinky_pivot_mover_l', 0.0, 0.0, 0.0, 0.0, 0.0, 0.0, 1.0, 1.0, 1.0]
['hand_pinky_pivot_mover_r', 0.0, 0.0, 0.0, 0.0, 0.0, 0.0, 1.0, 1.0, 1.0]
['hand_thumb_pivot_mover_l', 0.0, 0.0, 0.0, 0.0, 0.0, 0.0, 1.0, 1.0, 1.0]
['hand_thumb_pivot_mover_r', 0.0, -0.0, -0.0, 0.0, -0.0, -0.0, 1.0, 1.0, 1.0]
['hand_tip_pivot_mover_l', 3.6500000000000119, 8.5265128291212149e-14, 3.1554436208840472e-30, 0.0, 0.0, 0.0, 1.0, 1.0, 1.0]
['hand_tip_pivot_mover_r', 3.6500000953674316, 8.5265128291212022e-14, 3.1554436208840472e-30, 0.0, 0.0, 0.0, 1.0, 1.0, 1.0]
['head_mover', 8.9922015425790391, -1.8765083616531246, -1.6673408493370913e-14, 0.0, 0.0, 2.4914319707521861, 1.0, 1.0, 1.0]
['heel_pivot_l_mover', -5.3939235331688558, 7.178588860870625, 4.5274258806927561, 7.3388334437029252, 0.0, 0.0, 1.0, 1.0, 1.0]
['heel_pivot_r_mover', -5.3939237594604492, 7.1785888671875, -4.5274257659912109, 7.3388333320617676, -0.0, -0.0, 1.0, 1.0, 1.0]
['index_01_mover_l', -2.0971960871399062, -2.3833885929494443, -0.57836298594942548, -20.692175890145744, -15.295234333937259, 11.857334403938832, 1.0, 1.0, 1.0]
['index_01_mover_r', 2.097196102142334, 2.3833885192871094, 0.57836300134658813, -20.692175890145744, -15.295234333937259, 11.857334403938832, 1.0, 1.0, 1.0]
['index_02_mover_l', 2.8426794394738693, 0.16641188833867204, 0.23642946199492698, -0.0043234675843679231, 0.33717754266786215, -4.1098607578218127, 1.0, 1.0, 1.0]
['index_02_mover_r', -2.842679500579834, -0.16641189157962799, -0.23642946779727936, -0.0043234675843679231, 0.33717754266786215, -4.1098607578218127, 1.0, 1.0, 1.0]
['index_03_mover_l', -1.7384572974597177, 0.0012918835070649948, -0.29472942747843334, -0.015234931082368314, -0.47392590311502897, 3.6823975559170909, 1.0, 1.0, 1.0]
['index_03_mover_r', 1.7384573221206665, -0.0012918835273012519, 0.29472944140434265, -0.015234931082368314, -0.47392590311502897, 3.6823975559170909, 1.0, 1.0, 1.0]
['index_distal_phalange_mover_l', 3.907985046680551e-14, -6.2172489379008766e-15, -1.4210854715202004e-14, 7.8737364428808741e-15, -2.6443585675223605e-14, -1.5486113330029455e-15, 1.0, 1.0, 1.0]
['index_distal_phalange_mover_r', -0.0, -0.0, -0.0, 7.8737364428808741e-15, -2.6443585675223605e-14, -1.5486113330029455e-15, 1.0, 1.0, 1.0]
['index_metacarpal_mover_l', 8.2401368170929175, 0.32860590542367163, 0.80012950456390519, 5.7774585353709966, 7.7049736306045125, 13.940011248415088, 1.0, 1.0, 1.0]
['index_metacarpal_mover_r', -8.2401371002197266, -0.32860592007637024, -0.80012953281402588, 5.7774585353709966, 7.7049736306045125, 13.940011248415088, 1.0, 1.0, 1.0]
['index_metatarsal_mover_l', -2.7921958364777222, -0.21496790584293102, -2.8419450652938458, -2.3213421470236586, 8.4164681243455917, -0.22504554034535709, 1.0, 1.0, 1.0]
['index_metatarsal_mover_r', 2.7921957969665527, 0.21496790647506714, 2.8419451713562012, -2.3213421470236586, 8.4164681243455917, -0.22504554034535709, 1.0, 1.0, 1.0]
['index_middle_phalange_mover_l', 5.3290705182007514e-14, 1.7763568394002505e-15, 0.0, -2.3916280319598714e-15, 1.0823455013578497e-16, -1.0324367518878983e-14, 1.0, 1.0, 1.0]
['index_middle_phalange_mover_r', -0.0, -0.0, -0.0, -2.3916280319598714e-15, 1.0823455013578497e-16, -1.0324367518878983e-14, 1.0, 1.0, 1.0]
['index_proximal_phalange_mover_l', -2.9228600751108971, -0.28829858700653777, -4.8252096535496598, -2.2082566133072663, 8.445042968514537, -0.33614014509692391, 1.0, 1.0, 1.0]
['index_proximal_phalange_mover_r', -0.0, -0.0, -0.0, -2.2082566133072663, 8.445042968514537, -0.33614014509692391, 1.0, 1.0, 1.0]
['inside_pivot_l_mover', 6.1085778136218476, -6.6277977206680916, 2.6791543466725027, 0.0, 0.0, 0.0, 1.0, 1.0, 1.0]
['inside_pivot_r_mover', 6.1085777282714844, -6.6277976036071777, -2.6791543960571289, 0.0, -0.0, -0.0, 1.0, 1.0, 1.0]
['lowerarm_mover_l', 8.0356914335335432, 1.3113740826332148, -1.1299970115077542, 38.230770962291452, 0.2402398371372825, -24.582273899101633, 1.031351373388429, 1.031351373388429, 1.031351373388429]
['lowerarm_mover_r', -8.0356912612915039, -1.3113740682601929, 1.1299970149993896, 38.230770962291452, 0.2402398371372825, -24.582273899101633, 1.031351373388429, 1.031351373388429, 1.031351373388429]
['lowerarm_twist_01_mover_l', 0.0, 0.0, 0.0, 0.0, 0.0, 0.0, 1.0, 1.0, 1.0]
['lowerarm_twist_01_mover_r', -0.0, -0.0, -0.0, 0.0, 0.0, 0.0, 1.0, 1.0, 1.0]
['lowerarm_twist_02_mover_l', 0.0, 0.0, 0.0, 0.0, 0.0, 0.0, 1.0, 1.0, 1.0]
['lowerarm_twist_02_mover_r', -0.0, -0.0, -0.0, 0.0, 0.0, 0.0, 1.0, 1.0, 1.0]
['middle_01_mover_l', -2.5625040867263347, 0.11542346541542947, -1.2217536842715906, 1.6688254529904927, -4.0816202650574382, 18.781567812638016, 0.84142780583755239, 0.84142780583755239, 0.84142780583755239]
['middle_01_mover_r', 2.5625040531158447, -0.11542346328496933, 1.221753716468811, 1.6688254529904927, -4.0816202650574382, 18.781567812638016, 0.84142780583755239, 0.84142780583755239, 0.84142780583755239]
['middle_02_mover_l', 1.6156031101368455, 0.20010551680806543, -0.36989794274842325, 0.021360966266658104, 0.68278442218984303, 1.3404989368069091, 1.0, 1.0, 1.0]
['middle_02_mover_r', -1.6156030893325806, -0.20010551810264587, 0.36989793181419373, 0.021360966266658104, 0.68278442218984303, 1.3404989368069091, 1.0, 1.0, 1.0]
['middle_03_mover_l', 3.341215906565651, -0.54447872134360864, -0.48140375046559214, -0.0050906123742573677, 0.43217337076181139, -1.3497163548340474, 1.0, 1.0, 1.0]
['middle_03_mover_r', -3.3412158489227295, 0.54447871446609497, 0.48140373826026917, -0.0050906123742573677, 0.43217337076181139, -1.3497163548340474, 1.0, 1.0, 1.0]
['middle_distal_phalange_mover_l', 1.7763568394002505e-14, 2.1316282072803006e-14, -4.9737991503207013e-14, -4.8702243559910094e-15, 2.5762821775496146e-14, 6.3667531087312756e-15, 1.0, 1.0, 1.0]
['middle_distal_phalange_mover_r', -0.0, -0.0, -0.0, -4.8702243559910094e-15, 2.5762821775496146e-14, 6.3667531087312756e-15, 1.0, 1.0, 1.0]
['middle_metacarpal_mover_l', 7.529910823502405, 2.0310601125935648, -0.084320071022336407, -20.28995601737563, -0.66963519945870575, 5.8592962990044413, 1.0, 1.0, 1.0]
['middle_metacarpal_mover_r', -7.5299110412597656, -2.0310602188110352, 0.084320068359375, -20.28995601737563, -0.66963519945870575, 5.8592962990044413, 1.0, 1.0, 1.0]
['middle_metatarsal_mover_l', -3.5555421582456557, -0.40196120489813048, -2.7169293825353655, -2.2944990958322271, 8.4239204584399943, -0.19164191302835645, 1.0, 1.0, 1.0]
['middle_metatarsal_mover_r', 3.5555422306060791, 0.40196120738983154, 2.7169294357299805, -2.2944990958322271, 8.4239204584399943, -0.19164191302835645, 1.0, 1.0, 1.0]
['middle_middle_phalange_mover_l', 3.5527136788005009e-15, 1.7763568394002505e-15, -1.7763568394002505e-14, -1.5554900239032511e-14, 1.5426360840446725e-14, 8.7662903605590853e-15, 1.0, 1.0, 1.0]
['middle_middle_phalange_mover_r', -0.0, -0.0, -0.0, -1.5554900239032511e-14, 1.5426360840446725e-14, 8.7662903605590853e-15, 1.0, 1.0, 1.0]
['middle_proximal_phalange_mover_l', -3.4247669150612516, -0.030113229883533599, -4.6571740520977158, -1.2486684552954115, 8.6377379784724528, -0.2728597603507012, 1.0, 1.0, 1.0]
['middle_proximal_phalange_mover_r', -0.0, -0.0, -0.0, -1.2486684552954115, 8.6377379784724528, -0.2728597603507012, 1.0, 1.0, 1.0]
['neck_01_mover', 17.754007352824715, 5.6822749248823001, -1.0196983628996971e-12, 0.0, 0.0, -10.294969108043698, 1.0, 1.0, 1.0]
['neck_02_mover', -0.65069939007958055, -0.23401670968529231, 1.32146892038762e-14, 0.0, 0.0, -3.6121786517780134, 1.0, 1.0, 1.0]
['outside_pivot_l_mover', 2.2254143571842739, -7.8533201905707841, -6.72985512022656, 0.0, 0.0, 0.0, 1.0, 1.0, 1.0]
['outside_pivot_r_mover', 2.2254142761230469, -7.8533201217651367, 6.7298550605773926, 0.0, -0.0, -0.0, 1.0, 1.0, 1.0]
['pelvis_mover', 29.745213271341868, -0.79839932447986106, -6.2855871788881922e-16, -1.6055909389967637e-15, -1.7579314630416131e-16, -11.50500583974536, 1.0, 1.0, 1.0]
['pinky_01_mover_l', -0.5836122547829431, -0.13408251560102025, 0.14566651617107798, 26.023919905601989, 10.06775455500677, 17.327073092942847, 1.0, 1.0, 1.0]
['pinky_01_mover_r', 0.58361226320266724, 0.13408251106739044, -0.14566650986671448, 26.023919905601989, 10.06775455500677, 17.327073092942847, 1.0, 1.0, 1.0]
['pinky_02_mover_l', -0.89614694734375178, -0.19575880831180825, 0.019004520771609634, -0.013889843361504749, -0.34403081226898707, -3.0536276982175368, 1.0, 1.0, 1.0]
['pinky_02_mover_r', 0.89614695310592651, 0.19575880467891693, -0.019004520028829575, -0.013889843361504749, -0.34403081226898707, -3.0536276982175368, 1.0, 1.0, 1.0]
['pinky_03_mover_l', -0.032810583665991544, -1.0541294010517106, -0.083158262817754292, -0.017850302123565823, 0.3417536665035999, -6.539680525613619, 1.0, 1.0, 1.0]
['pinky_03_mover_r', 0.032810583710670471, 1.0541293621063232, 0.083158262073993683, -0.017850302123565823, 0.3417536665035999, -6.539680525613619, 1.0, 1.0, 1.0]
['pinky_distal_phalange_mover_l', 3.907985046680551e-14, -1.2434497875801753e-14, -3.5527136788005009e-14, 1.5902773407317546e-15, 2.0561789053992656e-14, -2.0754361700721893e-14, 1.0, 1.0, 1.0]
['pinky_distal_phalange_mover_r', -0.0, -0.0, -0.0, 1.5902773407317546e-15, 2.0561789053992656e-14, -2.0754361700721893e-14, 1.0, 1.0, 1.0]
['pinky_metacarpal_mover_l', 6.1455018965134087, 4.5742234465977276, -1.5955530491904053, -42.916991263507292, -8.7049371697407079, 20.022450637274407, 1.0, 1.0, 1.0]
['pinky_metacarpal_mover_r', -6.1455020904541016, -4.574223518371582, 1.5955530405044556, -42.916991263507292, -8.7049371697407079, 20.022450637274407, 1.0, 1.0, 1.0]
['pinky_metatarsal_mover_l', -4.7575169450247756, -0.70992284097841818, -2.5163271657393551, -2.2709035377615328, 8.4302892478322047, -0.18054822887324193, 1.0, 1.0, 1.0]
['pinky_metatarsal_mover_r', 4.7575168609619141, 0.70992285013198853, 2.5163271427154541, -2.2709035377615328, 8.4302892478322047, -0.18054822887324193, 1.0, 1.0, 1.0]
['pinky_middle_phalange_mover_l', -6.3948846218409017e-14, -7.1054273576010019e-15, -3.5527136788005009e-14, 0.0, 0.0, -9.5416640443905503e-15, 1.0, 1.0, 1.0]
['pinky_middle_phalange_mover_r', -0.0, -0.0, -0.0, 0.0, 0.0, -9.5416640443905503e-15, 1.0, 1.0, 1.0]
['pinky_proximal_phalange_mover_l', -4.8873330397029413, -0.31420636213911335, -3.6645992027649754, -1.5307533871432852, 8.5944111322421044, -0.12818785006906008, 1.0, 1.0, 1.0]
['pinky_proximal_phalange_mover_r', -0.0, -0.0, -0.0, -1.5307533871432852, 8.5944111322421044, -0.12818785006906008, 1.0, 1.0, 1.0]
['ring_01_mover_l', -1.7969786534591552, 0.83697390957815221, -0.17548836399074674, 17.826166560373014, -0.30275560129659268, 21.355369577784188, 1.0, 1.0, 1.0]
['ring_01_mover_r', 1.7969787120819092, -0.83697390556335449, 0.17548836767673492, 17.826166560373014, -0.30275560129659268, 21.355369577784188, 1.0, 1.0, 1.0]
['ring_02_mover_l', 0.7448158227585111, 0.16736714613898585, -0.15263700601093078, 0.0, 0.0, 0.46646488235431355, 1.0, 1.0, 1.0]
['ring_02_mover_r', -0.74481582641601563, -0.16736714541912079, 0.15263700485229492, 0.0, 0.0, 0.46646488235431355, 1.0, 1.0, 1.0]
['ring_03_mover_l', 2.2635698509354825, -0.43881971495110861, 0.1526370072818537, 0.0, 0.0, -0.53734310824627074, 1.0, 1.0, 1.0]
['ring_03_mover_r', -2.2635698318481445, 0.43881970643997192, -0.15263700485229492, 0.0, 0.0, -0.53734310824627074, 1.0, 1.0, 1.0]
['ring_distal_phalange_mover_l', -6.0396132539608516e-14, -3.1974423109204508e-14, 1.7763568394002505e-14, -1.0120934989793821e-14, -1.0287112569487132e-14, 9.1621393932254522e-15, 1.0, 1.0, 1.0]
['ring_distal_phalange_mover_r', -0.0, -0.0, -0.0, -1.0120934989793821e-14, -1.0287112569487132e-14, 9.1621393932254522e-15, 1.0, 1.0, 1.0]
['ring_metacarpal_mover_l', 7.2135907925514857, 2.2413911432315956, -0.0035510635063511486, -36.944323274299379, -6.3225882344983146, 9.0633391127710574, 1.0, 1.0, 1.0]
['ring_metacarpal_mover_r', -7.2135906219482422, -2.2413911819458008, 0.0035510635934770107, -36.944323274299379, -6.3225882344983146, 9.0633391127710574, 1.0, 1.0, 1.0]
['ring_metatarsal_mover_l', -4.0147343026839692, -0.61585095320405348, -2.745247717042087, -2.3339393725917708, 8.4090086466857663, -0.43672129289080241, 1.0, 1.0, 1.0]
['ring_metatarsal_mover_r', 4.0147342681884766, 0.61585092544555664, 2.7452476024627686, -2.3339393725917708, 8.4090086466857663, -0.43672129289080241, 1.0, 1.0, 1.0]
['ring_middle_phalange_mover_l', 2.1316282072803006e-14, 1.2434497875801753e-14, -9.5923269327613525e-14, 2.0872390097104327e-14, -5.7849444279548802e-15, -1.6129706294441048e-14, 1.0, 1.0, 1.0]
['ring_middle_phalange_mover_r', -0.0, -0.0, -0.0, 2.0872390097104327e-14, -5.7849444279548802e-15, -1.6129706294441048e-14, 1.0, 1.0, 1.0]
['ring_proximal_phalange_mover_l', -4.1657479118471912, -0.14678811660087954, -4.1140606653058889, -1.3079335018699243, 8.629288885956429, -0.26412596872817279, 1.0, 1.0, 1.0]
['ring_proximal_phalange_mover_r', -0.0, -0.0, -0.0, -1.3079335018699243, 8.629288885956429, -0.26412596872817279, 1.0, 1.0, 1.0]
['root_mover', 0.0, 0.0, 0.0, 0.0, 0.0, 0.0, 0.35599999999999998, 0.35599999999999998, 0.35599999999999998]
['spine_01_mover', -4.2258735740794577, 5.1957027283283068, 1.5838810878354396e-14, 0.0, 0.0, 7.2719150877883774, 1.0, 1.0, 1.0]
['spine_02_mover', 1.01058974852549, -0.92642422581947681, -1.0211921999263111e-12, 0.0, 0.0, -11.158357381912978, 1.0, 1.0, 1.0]
['spine_03_mover', -5.9366863299451893, -0.41587914697090866, 1.0212696211536214e-12, 0.0, 0.0, 7.8454001130529081, 1.0, 1.0, 1.0]
['spine_04_mover', -6.0841156806040999, 0.16961673687101708, -1.0231158261649872e-12, 0.0, 0.0, 12.185275866910743, 1.0, 1.0, 1.0]
['spine_05_mover', -12.885319102339793, -1.6316330914392703, 2.047320576342114e-12, 0.0, 0.0, 6.7764879429759297, 1.0, 1.0, 1.0]
['thigh_mover_l', -16.390391045551553, -2.1644621484009297, -4.2628508220596935, 0.059048763880350102, 2.0656088292164951, 13.483845640729401, 1.0803433289871796, 1.0803433289871796, 1.0803433289871796]
['thigh_mover_r', 16.390390396118164, 2.1644620895385742, 4.2628507614135742, 0.059048763880350102, 2.0656088292164951, 13.483845640729401, 1.0803433289871796, 1.0803433289871796, 1.0803433289871796]
['thigh_twist_01_mover_l', 0.001097745180061338, -0.04677838376711918, -0.0024633520793813091, -0.013897747100130671, -0.14113982673317746, 2.6811906665488738, 1.0, 1.0, 1.0]
['thigh_twist_01_mover_r', -0.0010977451456710696, 0.04677838459610939, 0.0024633521679788828, -0.013897747100130671, -0.14113982673317746, 2.6811906665488738, 1.0, 1.0, 1.0]
['thumb_01_mover_l', 3.3180933530712196, 1.9363306983628661, 3.9110507700917907, -23.336032774624165, -2.0522927616433351, 12.761491552476103, 1.0, 1.0, 1.0]
['thumb_01_mover_r', -3.3180932998657227, -1.9363306760787964, -3.9110507965087891, -23.336032774624165, -2.0522927616433351, 12.761491552476103, 1.0, 1.0, 1.0]
['thumb_02_mover_l', 6.5069254891064077, 0.28432012836370291, 0.15607246375954986, 0.014998825721152737, -0.34934780434518309, -3.7361780138571858, 1.0, 1.0, 1.0]
['thumb_02_mover_r', -6.5069255828857422, -0.28432011604309082, -0.1560724675655365, 0.014998825721152737, -0.34934780434518309, -3.7361780138571858, 1.0, 1.0, 1.0]
['thumb_03_mover_l', -1.1990594273400461, 0.13209063612480065, 0.066580870758329525, 0.0084889223645718149, 0.42930119473636758, 2.2656064282161443, 1.0, 1.0, 1.0]
['thumb_03_mover_r', 1.1990594863891602, -0.13209064304828644, -0.066580869257450104, 0.0084889223645718149, 0.42930119473636758, 2.2656064282161443, 1.0, 1.0, 1.0]
['toe_pivot_l_mover', 6.6632654430865497, -4.8754333426442571, -0.15840621559786427, 0.0, 0.0, 0.0, 1.0, 1.0, 1.0]
['toe_pivot_r_mover', 6.6632652282714844, -4.8754334449768066, 0.15840621292591095, 0.0, -0.0, -0.0, 1.0, 1.0, 1.0]
['upperarm_mover_l', -10.56638532496936, -1.311716217295178, 6.8702937535205706, 6.0404744293412129, -18.991345466828726, -6.1157360006190213, 0.9782670222392309, 0.9782670222392309, 0.9782670222392309]
['upperarm_mover_r', 10.566385269165039, 1.3117161989212036, -6.8702936172485352, 6.0404744293412129, -18.991345466828726, -6.1157360006190213, 0.9782670222392309, 0.9782670222392309, 0.9782670222392309]
['upperarm_twist_01_mover_l', 0.0, 0.0, 0.0, 0.0, 0.0, 0.0, 1.0, 1.0, 1.0]
['upperarm_twist_01_mover_r', -0.0, -0.0, -0.0, 0.0, 0.0, 0.0, 1.0, 1.0, 1.0]
['weapon_l_mover', -7.242999999999995, 0.19099999999963302, -3.3909999999993374, -103.78299999999993, 64.120000000000047, -16.763000000000268, 1.0, 1.0, 1.0]
['weapon_r_mover', 7.2430000305175781, -0.19099999964237213, 3.3910000324249268, -103.78299713134766, 64.120002746582031, -16.76300048828125, 1.0, 1.0, 1.0]
['attach_mover_offset', 0.0, 0.0, 0.0, 0.0, 0.0, 0.0, 1.0, 1.0, 1.0]
['ball_mover_offset_l', 0.0, 0.0, 0.0, 0.0, 0.0, 0.0, 1.0, 1.0, 1.0]
['ball_mover_offset_r', -0.0, -0.0, -0.0, 0.0, 0.0, 0.0, 1.0, 1.0, 1.0]
['bigtoe_distal_phalange_mover_offset_l', 0.0, 0.0, 0.0, 0.0, 0.0, 0.0, 1.0, 1.0, 1.0]
['bigtoe_distal_phalange_mover_offset_r', -0.0, -0.0, -0.0, 0.0, 0.0, 0.0, 1.0, 1.0, 1.0]
['bigtoe_metatarsal_mover_offset_l', 0.0, 0.0, 0.0, 0.0, 0.0, 0.0, 1.0, 1.0, 1.0]
['bigtoe_metatarsal_mover_offset_r', -0.0, -0.0, -0.0, 0.0, 0.0, 0.0, 1.0, 1.0, 1.0]
['bigtoe_proximal_phalange_mover_offset_l', 0.0, 0.0, 0.0, 0.0, 0.0, 0.0, 1.0, 1.0, 1.0]
['bigtoe_proximal_phalange_mover_offset_r', -0.0, -0.0, -0.0, 0.0, 0.0, 0.0, 1.0, 1.0, 1.0]
['calf_mover_offset_l', 0.0, 0.0, 0.0, 0.0, 0.0, 0.0, 1.0, 1.0, 1.0]
['calf_mover_offset_r', -0.0, -0.0, -0.0, 0.0, 0.0, 0.0, 1.0, 1.0, 1.0]
['calf_twist_01_mover_offset_l', 0.0, 0.0, 0.0, 0.0, 0.0, 0.0, 1.0, 1.0, 1.0]
['calf_twist_01_mover_offset_r', -0.0, -0.0, -0.0, 0.0, 0.0, 0.0, 1.0, 1.0, 1.0]
['calf_twist_02_mover_offset_l', 0.0, 0.0, 0.0, 0.0, 0.0, 0.0, 1.0, 1.0, 1.0]
['calf_twist_02_mover_offset_r', -0.0, -0.0, -0.0, 0.0, 0.0, 0.0, 1.0, 1.0, 1.0]
['clavicle_mover_offset_l', 0.0, 0.0, 0.0, 0.0, 0.0, 0.0, 1.0, 1.0, 1.0]
['clavicle_mover_offset_r', -0.0, -0.0, -0.0, 0.0, 0.0, 0.0, 1.0, 1.0, 1.0]
['foot_mover_offset_l', 0.0, 0.0, 0.0, 0.0, 0.0, 0.0, 1.0, 1.0, 1.0]
['foot_mover_offset_r', -0.0, -0.0, -0.0, 0.0, 0.0, 0.0, 1.0, 1.0, 1.0]
['hand_mover_offset_l', 0.0, 0.0, 0.0, -6.2263238859824188, -0.64126306291873403, 0.06996007915825618, 1.0, 1.0, 1.0]
['hand_mover_offset_r', -0.0, -0.0, -0.0, -6.2263238859824188, -0.64126306291873403, 0.06996007915825618, 1.0, 1.0, 1.0]
['head_mover_offset', 0.0, 0.0, 0.0, 0.0, 0.0, 0.0, 1.0, 1.0, 1.0]
['index_01_mover_offset_l', 0.0, 0.0, 0.0, 0.0, 0.0, 0.0, 1.0, 1.0, 1.0]
['index_01_mover_offset_r', -0.0, -0.0, -0.0, 0.0, 0.0, 0.0, 1.0, 1.0, 1.0]
['index_02_mover_offset_l', -1.8199999999999845, 0.0, 7.105427357688029e-14, 0.0, 0.0, 0.0, 1.0, 1.0, 1.0]
['index_02_mover_offset_r', 1.8200000524520874, -0.0, -7.1054273576010019e-14, 0.0, 0.0, 0.0, 1.0, 1.0, 1.0]
['index_03_mover_offset_l', 0.0, 0.0, 0.0, 0.0, 0.0, 0.0, 1.0, 1.0, 1.0]
['index_03_mover_offset_r', -0.0, -0.0, -0.0, 0.0, 0.0, 0.0, 1.0, 1.0, 1.0]
['index_distal_phalange_mover_offset_l', 0.0, 0.0, 0.0, 0.0, 0.0, 0.0, 1.0, 1.0, 1.0]
['index_distal_phalange_mover_offset_r', -0.0, -0.0, -0.0, 0.0, 0.0, 0.0, 1.0, 1.0, 1.0]
['index_metacarpal_mover_offset_l', 0.0, 0.0, 0.0, 0.0, 0.0, 0.0, 1.0, 1.0, 1.0]
['index_metacarpal_mover_offset_r', -0.0, -0.0, -0.0, 0.0, 0.0, 0.0, 1.0, 1.0, 1.0]
['index_metatarsal_mover_offset_l', 0.0, 0.0, 0.0, 0.0, 0.0, 0.0, 1.0, 1.0, 1.0]
['index_metatarsal_mover_offset_r', -0.0, -0.0, -0.0, 0.0, 0.0, 0.0, 1.0, 1.0, 1.0]
['index_middle_phalange_mover_offset_l', 0.0, 0.0, 0.0, 0.0, 0.0, 0.0, 1.0, 1.0, 1.0]
['index_middle_phalange_mover_offset_r', -0.0, -0.0, -0.0, 0.0, 0.0, 0.0, 1.0, 1.0, 1.0]
['index_proximal_phalange_mover_offset_l', 0.0, 0.0, 0.0, 0.0, 0.0, 0.0, 1.0, 1.0, 1.0]
['index_proximal_phalange_mover_offset_r', -0.0, -0.0, -0.0, 0.0, 0.0, 0.0, 1.0, 1.0, 1.0]
['lowerarm_mover_offset_l', 0.0, 0.0, 0.0, -31.421648503374204, 0.0, 0.0, 1.0, 1.0, 1.0]
['lowerarm_mover_offset_r', -0.0, -0.0, -0.0, -31.421648503374204, 0.0, 0.0, 1.0, 1.0, 1.0]
['lowerarm_twist_01_mover_offset_l', 0.0, 0.0, 0.0, 0.0, 0.0, 0.0, 1.0, 1.0, 1.0]
['lowerarm_twist_01_mover_offset_r', -0.0, -0.0, -0.0, 0.0, 0.0, 0.0, 1.0, 1.0, 1.0]
['lowerarm_twist_02_mover_offset_l', 0.0, 0.0, 0.0, 0.0, 0.0, 0.0, 1.0, 1.0, 1.0]
['lowerarm_twist_02_mover_offset_r', -0.0, -0.0, -0.0, 0.0, 0.0, 0.0, 1.0, 1.0, 1.0]
['middle_01_mover_offset_l', 0.36943313542852307, -3.685514701921343e-14, -0.72952664054279082, 0.0, -3.171990577341151, 0.0, 1.0, 1.0, 1.0]
['middle_01_mover_offset_r', -0.36943313479423523, 3.6855145535896403e-14, 0.72952663898468018, 0.0, -3.171990577341151, 0.0, 1.0, 1.0, 1.0]
['middle_02_mover_offset_l', 2.9199999999999751, 0.0, -2.8421709430367991e-14, 0.0, 0.0, 0.0, 1.0, 1.0, 1.0]
['middle_02_mover_offset_r', -2.9200000762939453, -0.0, 2.8421709430404007e-14, 0.0, 0.0, 0.0, 1.0, 1.0, 1.0]
['middle_03_mover_offset_l', 0.0, 0.0, 0.0, 0.0, 0.0, 0.0, 1.0, 1.0, 1.0]
['middle_03_mover_offset_r', -0.0, -0.0, -0.0, 0.0, 0.0, 0.0, 1.0, 1.0, 1.0]
['middle_distal_phalange_mover_offset_l', 0.0, 0.0, 0.0, 0.0, 0.0, 0.0, 1.0, 1.0, 1.0]
['middle_distal_phalange_mover_offset_r', -0.0, -0.0, -0.0, 0.0, 0.0, 0.0, 1.0, 1.0, 1.0]
['middle_metacarpal_mover_offset_l', 0.0, 0.0, 0.0, 0.0, 0.0, 0.0, 1.0, 1.0, 1.0]
['middle_metacarpal_mover_offset_r', -0.0, -0.0, -0.0, 0.0, 0.0, 0.0, 1.0, 1.0, 1.0]
['middle_metatarsal_mover_offset_l', 0.0, 0.0, 0.0, 0.0, 0.0, 0.0, 1.0, 1.0, 1.0]
['middle_metatarsal_mover_offset_r', -0.0, -0.0, -0.0, 0.0, 0.0, 0.0, 1.0, 1.0, 1.0]
['middle_middle_phalange_mover_offset_l', 0.0, 0.0, 0.0, 0.0, 0.0, 0.0, 1.0, 1.0, 1.0]
['middle_middle_phalange_mover_offset_r', -0.0, -0.0, -0.0, 0.0, 0.0, 0.0, 1.0, 1.0, 1.0]
['middle_proximal_phalange_mover_offset_l', 0.0, 0.0, 0.0, 0.0, 0.0, 0.0, 1.0, 1.0, 1.0]
['middle_proximal_phalange_mover_offset_r', -0.0, -0.0, -0.0, 0.0, 0.0, 0.0, 1.0, 1.0, 1.0]
['neck_01_mover_offset', 0.0, 0.0, 0.0, 0.0, 0.0, 0.0, 1.0, 1.0, 1.0]
['neck_02_mover_offset', 0.0, 0.0, 0.0, 0.0, 0.0, 0.0, 1.0, 1.0, 1.0]
['pelvis_mover_offset', 0.0, 0.0, 0.0, 0.0, 0.0, 10.471500771436022, 1.0, 1.0, 1.0]
['pinky_01_mover_offset_l', 0.0, 0.0, 0.0, 0.0, 0.0, 0.0, 1.0, 1.0, 1.0]
['pinky_01_mover_offset_r', -0.0, -0.0, -0.0, 0.0, 0.0, 0.0, 1.0, 1.0, 1.0]
['pinky_02_mover_offset_l', -0.11999999999998148, -1.8398939173992011e-14, -7.8886090522101181e-31, 0.0, 0.0, 0.0, 1.0, 1.0, 1.0]
['pinky_02_mover_offset_r', 0.11999999731779099, 1.8398939666199217e-14, 7.8886090522101181e-31, 0.0, 0.0, 0.0, 1.0, 1.0, 1.0]
['pinky_03_mover_offset_l', 1.5300000000000331, 6.5219587782489235e-14, -1.5777218104420236e-30, 0.0, 0.0, 0.0, 1.0, 1.0, 1.0]
['pinky_03_mover_offset_r', -1.5299999713897705, -6.5219585374670652e-14, 1.5777218104420236e-30, 0.0, 0.0, 0.0, 1.0, 1.0, 1.0]
['pinky_distal_phalange_mover_offset_l', 0.0, 0.0, 0.0, 0.0, 0.0, 0.0, 1.0, 1.0, 1.0]
['pinky_distal_phalange_mover_offset_r', -0.0, -0.0, -0.0, 0.0, 0.0, 0.0, 1.0, 1.0, 1.0]
['pinky_metacarpal_mover_offset_l', 0.0, 0.0, 0.0, 0.0, 0.0, 0.0, 1.0, 1.0, 1.0]
['pinky_metacarpal_mover_offset_r', -0.0, -0.0, -0.0, 0.0, 0.0, 0.0, 1.0, 1.0, 1.0]
['pinky_metatarsal_mover_offset_l', 0.0, 0.0, 0.0, 0.0, 0.0, 0.0, 1.0, 1.0, 1.0]
['pinky_metatarsal_mover_offset_r', -0.0, -0.0, -0.0, 0.0, 0.0, 0.0, 1.0, 1.0, 1.0]
['pinky_middle_phalange_mover_offset_l', 0.0, 0.0, 0.0, 0.0, 0.0, 0.0, 1.0, 1.0, 1.0]
['pinky_middle_phalange_mover_offset_r', -0.0, -0.0, -0.0, 0.0, 0.0, 0.0, 1.0, 1.0, 1.0]
['pinky_proximal_phalange_mover_offset_l', 0.0, 0.0, 0.0, 0.0, 0.0, 0.0, 1.0, 1.0, 1.0]
['pinky_proximal_phalange_mover_offset_r', -0.0, -0.0, -0.0, 0.0, 0.0, 0.0, 1.0, 1.0, 1.0]
['ring_01_mover_offset_l', 0.0, 0.0, 0.0, 0.0, 0.0, 0.0, 1.0, 1.0, 1.0]
['ring_01_mover_offset_r', -0.0, -0.0, -0.0, 0.0, 0.0, 0.0, 1.0, 1.0, 1.0]
['ring_02_mover_offset_l', 1.6799999999999857, 1.2621774483536189e-29, 1.1705162150192233e-14, 0.0, 0.0, 0.0, 1.0, 1.0, 1.0]
['ring_02_mover_offset_r', -1.6799999475479126, -1.2621774483536189e-29, -1.1705161850634332e-14, 0.0, 0.0, 0.0, 1.0, 1.0, 1.0]
['ring_03_mover_offset_l', 0.0, 0.0, 0.0, 0.0, 0.0, 0.0, 1.0, 1.0, 1.0]
['ring_03_mover_offset_r', -0.0, -0.0, -0.0, 0.0, 0.0, 0.0, 1.0, 1.0, 1.0]
['ring_distal_phalange_mover_offset_l', 0.0, 0.0, 0.0, 0.0, 0.0, 0.0, 1.0, 1.0, 1.0]
['ring_distal_phalange_mover_offset_r', -0.0, -0.0, -0.0, 0.0, 0.0, 0.0, 1.0, 1.0, 1.0]
['ring_metacarpal_mover_offset_l', 0.0, 0.0, 0.0, 0.0, 0.0, 0.0, 1.0, 1.0, 1.0]
['ring_metacarpal_mover_offset_r', -0.0, -0.0, -0.0, 0.0, 0.0, 0.0, 1.0, 1.0, 1.0]
['ring_metatarsal_mover_offset_l', 0.0, 0.0, 0.0, 0.0, 0.0, 0.0, 1.0, 1.0, 1.0]
['ring_metatarsal_mover_offset_r', -0.0, -0.0, -0.0, 0.0, 0.0, 0.0, 1.0, 1.0, 1.0]
['ring_middle_phalange_mover_offset_l', 0.0, 0.0, 0.0, 0.0, 0.0, 0.0, 1.0, 1.0, 1.0]
['ring_middle_phalange_mover_offset_r', -0.0, -0.0, -0.0, 0.0, 0.0, 0.0, 1.0, 1.0, 1.0]
['ring_proximal_phalange_mover_offset_l', 0.0, 0.0, 0.0, 0.0, 0.0, 0.0, 1.0, 1.0, 1.0]
['ring_proximal_phalange_mover_offset_r', -0.0, -0.0, -0.0, 0.0, 0.0, 0.0, 1.0, 1.0, 1.0]
['spine_01_mover_offset', 0.0, 0.0, 0.0, 0.0, 0.0, 0.0, 1.0, 1.0, 1.0]
['spine_02_mover_offset', -5.7799999999999496, 1.6339725546364042e-14, 1.9808178062175896e-15, 0.0, 0.0, 0.0, 1.0073926685999774, 1.0073926685999774, 1.0073926685999774]
['spine_03_mover_offset', 0.0, 0.0, 0.0, 0.0, 0.0, 0.0, 1.0, 1.0, 1.0]
['spine_04_mover_offset', 0.0, 0.0, 0.0, 0.0, 0.0, 0.0, 1.0, 1.0, 1.0]
['spine_05_mover_offset', 0.0, 0.0, 0.0, 0.0, 0.0, 0.0, 0.91382523344099909, 0.91382523344099909, 0.91382523344099909]
['thigh_mover_offset_l', 0.0, 0.0, 0.0, 0.0, 0.0, 0.0, 1.0, 1.0, 1.0]
['thigh_mover_offset_r', -0.0, -0.0, -0.0, 0.0, 0.0, 0.0, 1.0, 1.0, 1.0]
['thigh_twist_01_mover_offset_l', 0.0, 0.0, 0.0, 0.0, 0.0, 0.0, 1.0, 1.0, 1.0]
['thigh_twist_01_mover_offset_r', -0.0, -0.0, -0.0, 0.0, 0.0, 0.0, 1.0, 1.0, 1.0]
['thumb_01_mover_offset_l', 0.0, 0.0, 0.0, 0.0, 0.0, 0.0, 1.0, 1.0, 1.0]
['thumb_01_mover_offset_r', -0.0, -0.0, -0.0, 0.0, 0.0, 0.0, 1.0, 1.0, 1.0]
['thumb_02_mover_offset_l', 0.0, 0.0, 0.0, 0.0, 0.0, 0.0, 1.0, 1.0, 1.0]
['thumb_02_mover_offset_r', -0.0, -0.0, -0.0, 0.0, 0.0, 0.0, 1.0, 1.0, 1.0]
['thumb_03_mover_offset_l', 0.0, 0.0, 0.0, 0.0, 0.0, 0.0, 1.0, 1.0, 1.0]
['thumb_03_mover_offset_r', -0.0, -0.0, -0.0, 0.0, 0.0, 0.0, 1.0, 1.0, 1.0]
['upperarm_mover_offset_l', 0.0, 0.0, 0.0, 0.0, 0.0, 0.0, 1.0599469694350978, 1.0599469694350978, 1.0599469694350978]
['upperarm_mover_offset_r', -0.0, -0.0, -0.0, 0.0, 0.0, 0.0, 1.0599469694350978, 1.0599469694350978, 1.0599469694350978]
['upperarm_twist_01_mover_offset_l', 0.0, 0.0, 0.0, 0.0, 0.0, 0.0, 1.0, 1.0, 1.0]
['upperarm_twist_01_mover_offset_r', -0.0, -0.0, -0.0, 0.0, 0.0, 0.0, 1.0, 1.0, 1.0]
['weapon_l_mover_offset', 0.0, 0.0, 0.0, 0.0, 0.0, 0.0, 1.0, 1.0, 1.0]
['weapon_r_mover_offset', 0.0, 0.0, 0.0, 0.0, 0.0, 0.0, 1.0, 1.0, 1.0]
['attach_geo_mover', 0.0, 0.0, 0.0, 0.0, 0.0, 0.0, 1.0, 1.0, 1.0]
['ball_geo_mover_l', 0.0, 0.0, 0.0, 0.0, 0.0, 0.0, 1.0, 1.0, 1.0]
['ball_geo_mover_r', -0.0, -0.0, -0.0, 0.0, 0.0, 0.0, 1.0, 1.0, 1.0]
['calf_geo_mover_l', 0.0, 0.0, 0.0, 0.0, 0.0, 0.0, 1.0, 1.0, 1.0]
['calf_geo_mover_r', -0.0, -0.0, -0.0, 0.0, 0.0, 0.0, 1.0, 1.0, 1.0]
['calf_twist_01_geo_mover_l', 0.0, 0.0, 0.0, 0.0, 0.0, 0.0, 1.0, 1.0, 1.0]
['calf_twist_01_geo_mover_r', 0.0, 0.0, 0.0, 0.0, 0.0, 0.0, 1.0, 1.0, 1.0]
['calf_twist_02_geo_mover_l', 0.0, 0.0, 0.0, 0.0, 0.0, 0.0, 1.0, 1.0, 1.0]
['calf_twist_02_geo_mover_r', 0.0, 0.0, 0.0, 0.0, 0.0, 0.0, 1.0, 1.0, 1.0]
['clavicle_geo_mover_l', 0.0, 0.0, 0.0, 0.0, 0.0, 0.0, 1.0, 1.0, 1.0]
['clavicle_geo_mover_r', -0.0, -0.0, -0.0, 0.0, 0.0, 0.0, 1.0, 1.0, 1.0]
['foot_geo_mover_l', 0.0, 0.0, 0.0, 0.0, 0.0, 0.0, 1.0, 1.0, 1.0]
['foot_geo_mover_r', -0.0, -0.0, -0.0, 0.0, 0.0, 0.0, 1.0, 1.0, 1.0]
['hand_geo_mover_l', 0.0, 0.0, 0.0, 0.0, 0.0, 0.0, 1.0, 1.0, 1.0]
['hand_geo_mover_r', -0.0, -0.0, -0.0, 0.0, 0.0, 0.0, 1.0, 1.0, 1.0]
['head_geo_mover', 0.0, 0.0, 0.0, 0.0, 0.0, 0.0, 1.0, 1.0, 1.0]
['index_01_geo_mover_l', 0.0, 0.0, 0.0, 0.0, 0.0, 0.0, 1.0, 1.0, 1.0]
['index_01_geo_mover_r', -0.0, -0.0, -0.0, 0.0, 0.0, 0.0, 1.0, 1.0, 1.0]
['index_02_geo_mover_l', 0.0, 0.0, 0.0, 0.0, 0.0, 0.0, 1.0, 1.0, 1.0]
['index_02_geo_mover_r', -0.0, -0.0, -0.0, 0.0, 0.0, 0.0, 1.0, 1.0, 1.0]
['index_03_geo_mover_l', 0.0, 0.0, 0.0, 0.0, 0.0, 0.0, 1.0, 1.0, 1.0]
['index_03_geo_mover_r', -0.0, -0.0, -0.0, 0.0, 0.0, 0.0, 1.0, 1.0, 1.0]
['index_metacarpal_geo_mover_l', 0.0, 0.0, 0.0, 0.0, 0.0, 0.0, 1.0, 1.0, 1.0]
['index_metacarpal_geo_mover_r', -0.0, -0.0, -0.0, 0.0, 0.0, 0.0, 1.0, 1.0, 1.0]
['lowerarm_geo_mover_l', 0.0, 0.0, 0.0, 0.0, 0.0, 0.0, 1.0, 1.0, 1.0]
['lowerarm_geo_mover_r', -0.0, -0.0, -0.0, 0.0, 0.0, 0.0, 1.0, 1.0, 1.0]
['lowerarm_twist_01_geo_mover_l', 0.0, 0.0, 0.0, 0.0, 0.0, 0.0, 1.0, 1.0, 1.0]
['lowerarm_twist_01_geo_mover_r', 0.0, 0.0, 0.0, 0.0, 0.0, 0.0, 1.0, 1.0, 1.0]
['lowerarm_twist_02_geo_mover_l', 0.0, 0.0, 0.0, 0.0, 0.0, 0.0, 1.0, 1.0, 1.0]
['lowerarm_twist_02_geo_mover_r', 0.0, 0.0, 0.0, 0.0, 0.0, 0.0, 1.0, 1.0, 1.0]
['middle_01_geo_mover_l', 0.0, 0.0, 0.0, 0.0, 0.0, 0.0, 1.0, 1.0, 1.0]
['middle_01_geo_mover_r', -0.0, -0.0, -0.0, 0.0, 0.0, 0.0, 1.0, 1.0, 1.0]
['middle_02_geo_mover_l', 0.0, 0.0, 0.0, 0.0, 0.0, 0.0, 1.0, 1.0, 1.0]
['middle_02_geo_mover_r', -0.0, -0.0, -0.0, 0.0, 0.0, 0.0, 1.0, 1.0, 1.0]
['middle_03_geo_mover_l', 0.0, 0.0, 0.0, 0.0, 0.0, 0.0, 1.0, 1.0, 1.0]
['middle_03_geo_mover_r', -0.0, -0.0, -0.0, 0.0, 0.0, 0.0, 1.0, 1.0, 1.0]
['middle_metacarpal_geo_mover_l', 0.0, 0.0, 0.0, 0.0, 0.0, 0.0, 1.0, 1.0, 1.0]
['middle_metacarpal_geo_mover_r', -0.0, -0.0, -0.0, 0.0, 0.0, 0.0, 1.0, 1.0, 1.0]
['neck_01_geo_mover', 0.0, 0.0, 0.0, 0.0, 0.0, 0.0, 1.0, 1.0, 1.0]
['neck_02_geo_mover', 0.0, 0.0, 0.0, 0.0, 0.0, 0.0, 1.0, 1.0, 1.0]
['pelvis_geo_mover', 0.0, 0.0, 0.0, 0.0, 0.0, 0.0, 1.0, 1.0, 1.0]
['pinky_01_geo_mover_l', 0.0, 0.0, 0.0, 0.0, 0.0, 0.0, 1.0, 1.0, 1.0]
['pinky_01_geo_mover_r', -0.0, -0.0, -0.0, 0.0, 0.0, 0.0, 1.0, 1.0, 1.0]
['pinky_02_geo_mover_l', 0.0, 0.0, 0.0, 0.0, 0.0, 0.0, 1.0, 1.0, 1.0]
['pinky_02_geo_mover_r', -0.0, -0.0, -0.0, 0.0, 0.0, 0.0, 1.0, 1.0, 1.0]
['pinky_03_geo_mover_l', 0.0, 0.0, 0.0, 0.0, 0.0, 0.0, 1.0, 1.0, 1.0]
['pinky_03_geo_mover_r', -0.0, -0.0, -0.0, 0.0, 0.0, 0.0, 1.0, 1.0, 1.0]
['pinky_metacarpal_geo_mover_l', 0.0, 0.0, 0.0, 0.0, 0.0, 0.0, 1.0, 1.0, 1.0]
['pinky_metacarpal_geo_mover_r', -0.0, -0.0, -0.0, 0.0, 0.0, 0.0, 1.0, 1.0, 1.0]
['ring_01_geo_mover_l', 0.0, 0.0, 0.0, 0.0, 0.0, 0.0, 1.0, 1.0, 1.0]
['ring_01_geo_mover_r', -0.0, -0.0, -0.0, 0.0, 0.0, 0.0, 1.0, 1.0, 1.0]
['ring_02_geo_mover_l', 0.0, 0.0, 0.0, 0.0, 0.0, 0.0, 1.0, 1.0, 1.0]
['ring_02_geo_mover_r', -0.0, -0.0, -0.0, 0.0, 0.0, 0.0, 1.0, 1.0, 1.0]
['ring_03_geo_mover_l', 0.0, 0.0, 0.0, 0.0, 0.0, 0.0, 1.0, 1.0, 1.0]
['ring_03_geo_mover_r', -0.0, -0.0, -0.0, 0.0, 0.0, 0.0, 1.0, 1.0, 1.0]
['ring_metacarpal_geo_mover_l', 0.0, 0.0, 0.0, 0.0, 0.0, 0.0, 1.0, 1.0, 1.0]
['ring_metacarpal_geo_mover_r', -0.0, -0.0, -0.0, 0.0, 0.0, 0.0, 1.0, 1.0, 1.0]
['spine_01_geo_mover', 0.0, 0.0, 0.0, 0.0, 0.0, 0.0, 1.0, 1.0, 1.0]
['spine_02_geo_mover', 0.0, 0.0, 0.0, 0.0, 0.0, 0.0, 1.0, 1.0, 1.0]
['spine_03_geo_mover', 0.0, 0.0, 0.0, 0.0, 0.0, 0.0, 1.0, 1.0, 1.0]
['spine_04_geo_mover', 0.0, 0.0, 0.0, 0.0, 0.0, 0.0, 1.0, 1.0, 1.0]
['spine_05_geo_mover', 0.0, 0.0, 0.0, 0.0, 0.0, 0.0, 1.0, 1.0, 1.0]
['thigh_geo_mover_l', 0.0, 0.0, 0.0, 0.0, 0.0, 0.0, 1.0, 1.0, 1.0]
['thigh_geo_mover_r', -0.0, -0.0, -0.0, 0.0, 0.0, 0.0, 1.0, 1.0, 1.0]
['thigh_twist_01_geo_mover_l', 0.0, 0.0, 0.0, 0.0, 0.0, 0.0, 1.0, 1.0, 1.0]
['thigh_twist_01_geo_mover_r', 0.0, 0.0, 0.0, 0.0, 0.0, 0.0, 1.0, 1.0, 1.0]
['thumb_01_geo_mover_l', 0.0, 0.0, 0.0, 0.0, 0.0, 0.0, 1.0, 1.0, 1.0]
['thumb_01_geo_mover_r', -0.0, -0.0, -0.0, 0.0, 0.0, 0.0, 1.0, 1.0, 1.0]
['thumb_02_geo_mover_l', 0.0, 0.0, 0.0, 0.0, 0.0, 0.0, 1.0, 1.0, 1.0]
['thumb_02_geo_mover_r', -0.0, -0.0, -0.0, 0.0, 0.0, 0.0, 1.0, 1.0, 1.0]
['thumb_03_geo_mover_l', 0.0, 0.0, 0.0, 0.0, 0.0, 0.0, 1.0, 1.0, 1.0]
['thumb_03_geo_mover_r', -0.0, -0.0, -0.0, 0.0, 0.0, 0.0, 1.0, 1.0, 1.0]
['upperarm_geo_mover_l', 0.0, 0.0, 0.0, 0.0, 0.0, 0.0, 1.0, 1.0, 1.0]
['upperarm_geo_mover_r', -0.0, -0.0, -0.0, 0.0, 0.0, 0.0, 1.0, 1.0, 1.0]
['upperarm_twist_01_geo_mover_l', 0.0, 0.0, 0.0, 0.0, 0.0, 0.0, 1.0, 1.0, 1.0]
['upperarm_twist_01_geo_mover_r', 0.0, 0.0, 0.0, 0.0, 0.0, 0.0, 1.0, 1.0, 1.0]
['weapon_l_geo_mover', 0.0, 0.0, 0.0, 0.0, 0.0, 0.0, 1.0, 1.0, 1.0]
['weapon_r_geo_mover', -0.0, -0.0, -0.0, 0.0, 0.0, 0.0, 1.0, 1.0, 1.0]
['attach_lra', 0.0, 0.0, 0.0, 0.0, 0.0, 0.0, 1.0, 1.0, 1.0]
['ball_l_lra', 0.0, 0.0, 0.0, 0.0, 0.0, 0.0, 1.0, 1.0, 1.0]
['ball_r_lra', 0.0, 0.0, 0.0, 0.0, 0.0, 0.0, 1.0, 1.0, 1.0]
['bigtoe_distal_phalange_l_lra', 0.0, 0.0, 0.0, 0.0, 0.0, 0.0, 1.0, 1.0, 1.0]
['bigtoe_distal_phalange_r_lra', 0.0, 0.0, 0.0, 0.0, 0.0, 0.0, 1.0, 1.0, 1.0]
['bigtoe_metatarsal_l_lra', 0.0, 0.0, 0.0, 0.0, 0.0, 0.0, 1.0, 1.0, 1.0]
['bigtoe_metatarsal_r_lra', 0.0, 0.0, 0.0, 0.0, 0.0, 0.0, 1.0, 1.0, 1.0]
['bigtoe_proximal_phalange_l_lra', 0.0, 0.0, 0.0, 0.0, 0.0, 0.0, 1.0, 1.0, 1.0]
['bigtoe_proximal_phalange_r_lra', 0.0, 0.0, 0.0, 0.0, 0.0, 0.0, 1.0, 1.0, 1.0]
['calf_l_lra', 0.0, 0.0, 0.0, 0.0, 0.0, 0.0, 1.0, 1.0, 1.0]
['calf_r_lra', 0.0, 0.0, 0.0, 0.0, 0.0, 0.0, 1.0, 1.0, 1.0]
['calf_twist_01_l_lra', 0.0, 0.0, 0.0, 0.0, 0.0, 0.0, 1.0, 1.0, 1.0]
['calf_twist_01_r_lra', 0.0, 0.0, 0.0, 0.0, 0.0, 0.0, 1.0, 1.0, 1.0]
['calf_twist_02_l_lra', 0.0, 0.0, 0.0, 0.0, 0.0, 0.0, 1.0, 1.0, 1.0]
['calf_twist_02_r_lra', 0.0, 0.0, 0.0, 0.0, 0.0, 0.0, 1.0, 1.0, 1.0]
['clavicle_l_lra', 0.0, -1.8873791418627661e-15, 0.0, -1.987846675914698e-16, -0.0, 0.0, 1.0, 1.0, 1.0]
['clavicle_r_lra', 0.0, 0.0, 0.0, 0.0, 0.0, 0.0, 1.0, 1.0, 1.0]
['foot_l_lra', 0.0, 0.0, 0.0, 0.0, 0.0, 0.0, 1.0, 1.0, 1.0]
['foot_r_lra', 0.0, 0.0, 0.0, 0.0, 0.0, 0.0, 1.0, 1.0, 1.0]
['hand_l_lra', 0.0, 0.0, 0.0, 0.0, 0.0, 0.0, 1.0, 1.0, 1.0]
['hand_r_lra', 0.0, 0.0, 0.0, 0.0, 0.0, 0.0, 1.0, 1.0, 1.0]
['head_lra', -5.6843418860808015e-14, 8.8817841970012523e-16, 0.0, -3.531125038440126e-31, -1.2722218725854073e-14, 0.0, 1.0000000000000002, 1.0000000000000002, 1.0]
['index_01_l_lra', 8.5265128291212022e-14, 2.8421709430404007e-14, -3.5527136788005009e-15, 1.9083328088781101e-14, -4.7708320221952752e-15, -3.1805546814635168e-15, 1.0, 1.0, 1.0000000000000002]
['index_01_r_lra', 0.0, 0.0, 0.0, 0.0, 0.0, 0.0, 1.0, 1.0, 1.0]
['index_02_l_lra', 5.6843418860808015e-14, 2.8421709430404007e-14, 0.0, 1.3517357396219947e-14, -6.361109362927032e-15, 9.5416640443905471e-15, 1.0000000000000002, 1.0, 1.0000000000000002]
['index_02_r_lra', 0.0, 0.0, 0.0, 0.0, 0.0, 0.0, 1.0, 1.0, 1.0]
['index_03_l_lra', 2.8421709430404007e-14, 0.0, 3.5527136788005009e-15, 1.1927080055488182e-15, 7.9513867036587888e-15, -3.1805546814635152e-15, 1.0000000000000004, 1.0000000000000004, 1.0000000000000004]
['index_03_r_lra', 0.0, 0.0, 0.0, 0.0, 0.0, 0.0, 1.0, 1.0, 1.0]
['index_distal_phalange_l_lra', 0.0, 0.0, 0.0, 0.0, 0.0, 0.0, 1.0, 1.0, 1.0]
['index_distal_phalange_r_lra', 0.0, 0.0, 0.0, 0.0, 0.0, 0.0, 1.0, 1.0, 1.0]
['index_metacarpal_l_lra', 0.0, 0.0, 0.0, 0.0, 0.0, 0.0, 1.0, 1.0, 1.0]
['index_metacarpal_r_lra', 2.8421709430404007e-14, -2.8421709430404007e-14, 3.1086244689504383e-15, -2.9022561468354581e-14, 7.1562480332929104e-15, 3.1805546814635152e-15, 1.0000000000000004, 1.0000000000000004, 1.0000000000000004]
['index_metatarsal_l_lra', 0.0, 0.0, 0.0, 0.0, 0.0, 0.0, 1.0, 1.0, 1.0]
['index_metatarsal_r_lra', 0.0, 0.0, 0.0, 0.0, 0.0, 0.0, 1.0, 1.0, 1.0]
['index_middle_phalange_l_lra', 0.0, 0.0, 0.0, 0.0, 0.0, 0.0, 1.0, 1.0, 1.0]
['index_middle_phalange_r_lra', 0.0, 0.0, 0.0, 0.0, 0.0, 0.0, 1.0, 1.0, 1.0]
['index_proximal_phalange_l_lra', 0.0, 0.0, 0.0, 0.0, 0.0, 0.0, 1.0, 1.0, 1.0]
['index_proximal_phalange_r_lra', 0.0, 0.0, 0.0, 0.0, 0.0, 0.0, 1.0, 1.0, 1.0]
['lowerarm_l_lra', 2.8421709430404007e-14, 7.1054273576010019e-15, -2.8421709430404007e-14, -1.1927080055488188e-15, -3.1805546814635168e-15, 1.5902773407317584e-15, 1.0, 1.0, 0.99999999999999989]
['lowerarm_r_lra', 0.0, 0.0, 0.0, 0.0, 0.0, 0.0, 1.0, 1.0, 1.0]
['lowerarm_twist_01_l_lra', 0.0, 0.0, 0.0, 0.0, 0.0, 0.0, 1.0, 1.0, 1.0]
['lowerarm_twist_01_r_lra', 0.0, 0.0, 0.0, 0.0, 0.0, 0.0, 1.0, 1.0, 1.0]
['lowerarm_twist_02_l_lra', 0.0, 0.0, 0.0, 0.0, 0.0, 0.0, 1.0, 1.0, 1.0]
['lowerarm_twist_02_r_lra', 0.0, 0.0, 0.0, 0.0, 0.0, 0.0, 1.0, 1.0, 1.0]
['middle_01_l_lra', 0.0, 0.0, 0.0, 0.0, 0.0, 0.0, 1.0, 1.0, 1.0]
['middle_01_r_lra', 0.0, 0.0, 0.0, 0.0, 0.0, 0.0, 1.0, 1.0, 1.0]
['middle_02_l_lra', 0.0, 0.0, 0.0, 0.0, 0.0, 0.0, 1.0, 1.0, 1.0]
['middle_02_r_lra', 0.0, 0.0, 0.0, 0.0, 0.0, 0.0, 1.0, 1.0, 1.0]
['middle_03_l_lra', 1.4210854715202004e-13, 2.8421709430404007e-14, 0.0, -7.3550327008843819e-15, -9.9392333795734934e-15, 0.0, 0.99999999999999978, 1.0, 1.0]
['middle_03_r_lra', 0.0, 0.0, 0.0, 0.0, 0.0, 0.0, 1.0, 1.0, 1.0]
['middle_distal_phalange_l_lra', 0.0, 0.0, 0.0, 0.0, 0.0, 0.0, 1.0, 1.0, 1.0]
['middle_distal_phalange_r_lra', 0.0, 0.0, 0.0, 0.0, 0.0, 0.0, 1.0, 1.0, 1.0]
['middle_metacarpal_l_lra', 0.0, 0.0, 0.0, 0.0, 0.0, 0.0, 1.0, 1.0, 1.0]
['middle_metacarpal_r_lra', 0.0, 0.0, 0.0, 0.0, 0.0, 0.0, 1.0, 1.0, 1.0]
['middle_metatarsal_l_lra', 0.0, 0.0, 0.0, 0.0, 0.0, 0.0, 1.0, 1.0, 1.0]
['middle_metatarsal_r_lra', 0.0, 0.0, 0.0, 0.0, 0.0, 0.0, 1.0, 1.0, 1.0]
['middle_middle_phalange_l_lra', 0.0, 0.0, 0.0, 0.0, 0.0, 0.0, 1.0, 1.0, 1.0]
['middle_middle_phalange_r_lra', 0.0, 0.0, 0.0, 0.0, 0.0, 0.0, 1.0, 1.0, 1.0]
['middle_proximal_phalange_l_lra', 0.0, 0.0, 0.0, 0.0, 0.0, 0.0, 1.0, 1.0, 1.0]
['middle_proximal_phalange_r_lra', 0.0, 0.0, 0.0, 0.0, 0.0, 0.0, 1.0, 1.0, 1.0]
['neck_01_lra', 0.0, 0.0, 0.0, 0.0, 0.0, 0.0, 1.0, 1.0, 1.0]
['neck_02_lra', 0.0, 0.0, 0.0, 0.0, 0.0, 0.0, 1.0, 1.0, 1.0]
['pelvis_lra', 0.0, 0.0, 0.0, 0.0, 0.0, 0.0, 1.0, 1.0, 1.0]
['pinky_01_l_lra', 0.0, 0.0, 0.0, -1.1927080055488186e-14, 3.1805546814635168e-15, -6.3611093629270335e-15, 1.0, 1.0000000000000002, 1.0000000000000002]
['pinky_01_r_lra', 0.0, 0.0, 0.0, 0.0, 0.0, 0.0, 1.0, 1.0, 1.0]
['pinky_02_l_lra', 0.0, 0.0, 0.0, 0.0, 0.0, 0.0, 1.0, 1.0, 1.0]
['pinky_02_r_lra', 0.0, 0.0, 0.0, 0.0, 0.0, 0.0, 1.0, 1.0, 1.0]
['pinky_03_l_lra', 0.0, 0.0, 0.0, 0.0, 0.0, 0.0, 1.0, 1.0, 1.0]
['pinky_03_r_lra', 0.0, 0.0, 0.0, 0.0, 0.0, 0.0, 1.0, 1.0, 1.0]
['pinky_distal_phalange_l_lra', 0.0, 0.0, 0.0, 0.0, 0.0, 0.0, 1.0, 1.0, 1.0]
['pinky_distal_phalange_r_lra', 0.0, 0.0, 0.0, 0.0, 0.0, 0.0, 1.0, 1.0, 1.0]
['pinky_metacarpal_l_lra', 0.0, 0.0, 0.0, 0.0, 0.0, 0.0, 1.0, 1.0, 1.0]
['pinky_metacarpal_r_lra', 0.0, 0.0, 0.0, 0.0, 0.0, 0.0, 1.0, 1.0, 1.0]
['pinky_metatarsal_l_lra', 0.0, 0.0, 0.0, 0.0, 0.0, 0.0, 1.0, 1.0, 1.0]
['pinky_metatarsal_r_lra', 0.0, 0.0, 0.0, 0.0, 0.0, 0.0, 1.0, 1.0, 1.0]
['pinky_middle_phalange_l_lra', 0.0, 0.0, 0.0, 0.0, 0.0, 0.0, 1.0, 1.0, 1.0]
['pinky_middle_phalange_r_lra', 0.0, 0.0, 0.0, 0.0, 0.0, 0.0, 1.0, 1.0, 1.0]
['pinky_proximal_phalange_l_lra', 0.0, 0.0, 0.0, 0.0, 0.0, 0.0, 1.0, 1.0, 1.0]
['pinky_proximal_phalange_r_lra', 0.0, 0.0, 0.0, 0.0, 0.0, 0.0, 1.0, 1.0, 1.0]
['ring_01_l_lra', 5.6843418860808015e-14, 0.0, -3.5527136788005009e-15, -5.9635400277440935e-15, 9.1440947092076103e-15, -9.5416640443905503e-15, 1.0, 1.0, 1.0]
['ring_01_r_lra', 0.0, 0.0, 0.0, 0.0, 0.0, 0.0, 1.0, 1.0, 1.0]
['ring_02_l_lra', 0.0, 0.0, 0.0, 0.0, 0.0, 0.0, 1.0, 1.0, 1.0]
['ring_02_r_lra', 0.0, 0.0, 0.0, 0.0, 0.0, 0.0, 1.0, 1.0, 1.0]
['ring_03_l_lra', 0.0, 0.0, 0.0, 0.0, 0.0, 0.0, 1.0, 1.0, 1.0]
['ring_03_r_lra', 0.0, 0.0, 0.0, 0.0, 0.0, 0.0, 1.0, 1.0, 1.0]
['ring_distal_phalange_l_lra', 0.0, 0.0, 0.0, 0.0, 0.0, 0.0, 1.0, 1.0, 1.0]
['ring_distal_phalange_r_lra', 0.0, 0.0, 0.0, 0.0, 0.0, 0.0, 1.0, 1.0, 1.0]
['ring_metacarpal_l_lra', 0.0, 0.0, 0.0, 0.0, 0.0, 0.0, 1.0, 1.0, 1.0]
['ring_metacarpal_r_lra', 0.0, 0.0, 0.0, 0.0, 0.0, 0.0, 1.0, 1.0, 1.0]
['ring_metatarsal_l_lra', 0.0, 0.0, 0.0, 0.0, 0.0, 0.0, 1.0, 1.0, 1.0]
['ring_metatarsal_r_lra', 0.0, 0.0, 0.0, 0.0, 0.0, 0.0, 1.0, 1.0, 1.0]
['ring_middle_phalange_l_lra', 0.0, 0.0, 0.0, 0.0, 0.0, 0.0, 1.0, 1.0, 1.0]
['ring_middle_phalange_r_lra', 0.0, 0.0, 0.0, 0.0, 0.0, 0.0, 1.0, 1.0, 1.0]
['ring_proximal_phalange_l_lra', 0.0, 0.0, 0.0, 0.0, 0.0, 0.0, 1.0, 1.0, 1.0]
['ring_proximal_phalange_r_lra', 0.0, 0.0, 0.0, 0.0, 0.0, 0.0, 1.0, 1.0, 1.0]
['root_lra', 0.0, 0.0, 0.0, 0.0, 0.0, 0.0, 1.0, 1.0, 1.0]
['spine_01_lra', 0.0, 0.0, 0.0, 0.0, 0.0, 0.0, 1.0, 1.0, 1.0]
['spine_02_lra', 0.0, 0.0, 0.0, 0.0, 0.0, 0.0, 1.0, 1.0, 1.0]
['spine_03_lra', 0.0, 0.0, 0.0, 0.0, 0.0, 0.0, 1.0, 1.0, 1.0]
['spine_04_lra', 0.0, 0.0, 0.0, 0.0, 0.0, 0.0, 1.0, 1.0, 1.0]
['spine_05_lra', 0.0, 0.0, 0.0, 0.0, 0.0, 0.0, 1.0, 1.0, 1.0]
['thigh_l_lra', 0.0, 0.0, 0.0, 0.0, 0.0, 0.0, 1.0, 1.0, 1.0]
['thigh_r_lra', 0.0, 0.0, 0.0, 0.0, 0.0, 0.0, 1.0, 1.0, 1.0]
['thigh_twist_01_l_lra', 0.0, 0.0, 0.0, 0.0, 0.0, 0.0, 1.0, 1.0, 1.0]
['thigh_twist_01_r_lra', 0.0, 0.0, 0.0, 0.0, 0.0, 0.0, 1.0, 1.0, 1.0]
['thumb_01_l_lra', 0.0, -2.8421709430404007e-14, 7.1054273576010019e-15, 1.590277340731758e-15, 1.5902773407317576e-15, -1.5902773407317578e-14, 1.0000000000000004, 1.0000000000000002, 1.0000000000000007]
['thumb_01_r_lra', 0.0, 0.0, 0.0, 0.0, 0.0, 0.0, 1.0, 1.0, 1.0]
['thumb_02_l_lra', -2.8421709430404007e-14, -2.8421709430404007e-14, 7.1054273576010019e-15, -1.7493050748049341e-14, 1.5902773407317584e-15, -3.1805546814635168e-15, 1.0, 1.0, 1.0]
['thumb_02_r_lra', 0.0, 0.0, 0.0, 0.0, 0.0, 0.0, 1.0, 1.0, 1.0]
['thumb_03_l_lra', 2.8421709430404007e-14, 0.0, 7.1054273576010019e-15, -3.180554681463516e-15, 1.1131941385122302e-14, 6.3611093629270304e-15, 1.0000000000000004, 1.0000000000000002, 1.0000000000000004]
['thumb_03_r_lra', 0.0, 0.0, 0.0, 0.0, 0.0, 0.0, 1.0, 1.0, 1.0]
['upperarm_l_lra', 0.0, 0.0, 0.0, 0.0, 0.0, 0.0, 1.0, 1.0, 1.0]
['upperarm_r_lra', 0.0, 0.0, 0.0, 0.0, 0.0, 0.0, 1.0, 1.0, 1.0]
['upperarm_twist_01_l_lra', 0.0, 0.0, 0.0, 0.0, 0.0, 0.0, 1.0, 1.0, 1.0]
['upperarm_twist_01_r_lra', 0.0, 0.0, 0.0, 0.0, 0.0, 0.0, 1.0, 1.0, 1.0]
['weapon_l_lra', 0.0, 0.0, 0.0, 0.0, 0.0, 0.0, 1.0, 1.0, 1.0]
['weapon_r_lra', 0.0, 0.0, 0.0, 0.0, 0.0, 0.0, 1.0, 1.0, 1.0]
