['ball_mover_l', 14.334786429249554, -3.9061239699110013, 0.85039236895534742, -1.4012922674988113, 0.078160965653378392, -0.41624272937215845, 1.0, 1.0, 1.0]
['ball_mover_r', -14.334786415100098, 3.9061238765716553, -0.85039234161376953, -1.4012922674988113, 0.078160965653378392, -0.41624272937215845, 1.0, 1.0, 1.0]
['bigtoe_distal_phalange_mover_l', 3.5527136788005009e-15, -8.8817841970012523e-16, 1.4210854715202004e-14, 0.0, 0.0, -4.7708320221952752e-15, 1.0, 1.0, 1.0]
['bigtoe_distal_phalange_mover_r', -0.0, -0.0, -0.0, 0.0, 0.0, -4.7708320221952752e-15, 1.0, 1.0, 1.0]
['bigtoe_metatarsal_mover_l', -15.472075792000025, -8.9066689113347479, 2.6806948656329297, -0.97552199597727196, -5.5830400316258544, 0.18232420899686105, 1.0, 1.0, 1.0]
['bigtoe_metatarsal_mover_r', 15.472075462341309, 8.9066686630249023, -2.6806948184967041, -0.97552199597727196, -5.5830400316258544, 0.18232420899686105, 1.0, 1.0, 1.0]
['bigtoe_proximal_phalange_mover_l', -14.750165348215262, -10.923175063682081, 0.10755820341134736, -0.21972401431849642, -5.6204368400101883, -0.69637602019816391, 1.0, 1.0, 1.0]
['bigtoe_proximal_phalange_mover_r', -0.0, -0.0, -0.0, -0.21972401431849642, -5.6204368400101883, -0.69637602019816391, 1.0, 1.0, 1.0]
['calf_mover_l', 7.0743498108640779, -4.3732650767748744, 5.271128266984821, -2.3824163118976176, 9.7021466909442076, -6.7553076054662009, 1.0, 1.0, 1.0]
['calf_mover_r', -7.0743498802185059, 4.373265266418457, -5.2711281776428223, -2.3824163118976176, 9.7021466909442076, -6.7553076054662009, 1.0, 1.0, 1.0]
['calf_twist_01_mover_l', -4.8679828145603956, -3.8847275942967983, -0.64664358541769218, 0.0, 0.0, 3.234597328899099, 1.0, 1.0, 1.0]
['calf_twist_01_mover_r', 4.8679828643798828, 3.8847274780273437, 0.64664357900619507, 0.0, 0.0, 3.234597328899099, 1.0, 1.0, 1.0]
['clavicle_mover_l', 9.8776032922230232, -11.517063906338405, -12.919058945946801, -3.4677008068541326, -2.1540572635969243e-14, 5.8723757454338721e-14, 1.0, 1.0, 1.0]
['clavicle_mover_r', -9.8776035308837891, 11.517064094543457, 12.919058799743652, -3.4677008068541326, -2.1540572635969243e-14, 5.8723757454338721e-14, 1.0, 1.0, 1.0]
['foot_mover_l', -3.6148007195122567, -3.9294789989676531, -0.73054058415593204, 5.0264634552928671, 0.88704785464302693, 2.9885242971056072, 1.0, 1.0, 1.0]
['foot_mover_r', 3.6148006916046143, 3.9294788837432861, 0.73054057359695435, 5.0264634552928671, 0.88704785464302693, 2.9885242971056072, 1.0, 1.0, 1.0]
['hand_mid_pivot_mover_l', 0.0091620610825486892, -0.46670207726688773, -0.041353041989250272, 9.1635481636937204, 12.014806751658245, -9.5590942626072586, 1.0, 1.0, 1.0]
['hand_mid_pivot_mover_r', 0.0091620609164237976, -0.46670207381248474, -0.041353043168783188, 9.163548469543457, 12.014806747436523, -9.5590944290161133, 1.0, 1.0, 1.0]
['hand_mover_l', -3.4974892154054089, -0.076817424835155634, 1.1391859991892623, 12.520980788971482, -1.4780994008060659, 3.842046134107048, 1.0, 1.0, 1.0]
['hand_mover_r', 3.4974892139434814, 0.076817423105239868, -1.1391860246658325, 12.520980788971482, -1.4780994008060659, 3.842046134107048, 1.0, 1.0, 1.0]
['hand_pinky_pivot_mover_l', -2.8047135607768041, 0.32313868433310589, -0.69879796411976258, 29.013351634672812, -27.097931125341244, -34.417068080956703, 1.0, 1.0, 1.0]
['hand_pinky_pivot_mover_r', -2.8047134876251221, 0.32313868403434753, -0.69879794120788574, 29.013351440429691, -27.097930908203125, -34.417068481445313, 1.0, 1.0, 1.0]
['hand_thumb_pivot_mover_l', 0.52929485476028049, -0.087739048066010739, 1.0334060799814608, -4.9892447357461744, -11.951672268057273, -6.1492263807634542, 1.0, 1.0, 1.0]
['hand_thumb_pivot_mover_r', 0.52929484844207764, 0.087739050388336182, -1.033406138420105, -4.9892449378967285, 11.951672554016113, 6.149226188659668, 1.0, 1.0, 1.0]
['hand_tip_pivot_mover_l', 5.8616992757963544, -0.37248125589979963, 0.14353552116485346, -3.8802767113854903e-13, -3.1805546814634091e-15, 3.180554681463518e-14, 1.0, 1.0, 1.0]
['hand_tip_pivot_mover_r', 5.861699104309082, -0.37248125672340393, 0.14353552460670471, -3.8802766338594252e-13, -3.1805547185895103e-15, 3.1805548456444524e-14, 1.0, 1.0, 1.0]
['head_mover', 5.2055715964913247, -2.4849587972977449, -3.8688604059755605e-05, 0.0, 0.0, 19.751807513115978, 1.0, 1.0, 1.0]
['heel_pivot_l_mover', -3.0731876424743048, 10.671447355303638, -1.447686302107158, -5.2403674997934351, 0.0, 0.0, 1.0, 1.0, 1.0]
['heel_pivot_r_mover', -3.0731875896453857, 10.67144775390625, 1.4476863145828247, -5.2403674125671387, -0.0, -0.0, 1.0, 1.0, 1.0]
['hood_01_mover', 0.36550517914366704, 61.260596797832171, 58.280025025069563, -31.104801567593025, -1.9481260807847304e-14, 3.7711065326587347e-15, 1.0, 1.0, 1.0]
['hood_02_mover', 5.1671876938987887e-15, 2.2878236773728844, 0.0, -56.567087353806009, 0.0, 0.0, 1.0, 1.0, 1.0]
['hood_03_mover', 1.0255062918076364e-14, 4.743409656973256, -5.6843418860808015e-14, -2.5738731315604255, 0.0, 0.0, 1.0, 1.0, 1.0]
['index_01_mover_l', 9.6891169499000398, 5.3082904112518179, 2.1848398259506148, -0.10273267372791749, -5.0198573224224834, 12.292702999374193, 1.0, 1.0, 1.0]
['index_01_mover_r', -9.6891164779663086, -5.3082904815673828, -2.1848397254943848, -0.10273267372791749, -5.0198573224224834, 12.292702999374193, 1.0, 1.0, 1.0]
['index_02_mover_l', 3.1423778229050185, 0.044813451895521439, 0.14800416782017578, 1.167604074711869e-13, -1.6837444069106759e-14, 9.131844114295852, 1.0, 1.0, 1.0]
['index_02_mover_r', -3.1423778533935547, -0.044813450425863266, -0.14800417423248291, 1.167604074711869e-13, -1.6837444069106759e-14, 9.131844114295852, 1.0, 1.0, 1.0]
['index_03_mover_l', 2.7744495481308036, -0.99215602732344621, -0.54107519318591457, 1.8992895951560471e-13, -7.6461955585545712e-15, -2.5778848608424725, 1.0, 1.0, 1.0]
['index_03_mover_r', -2.7744495868682861, 0.99215602874755859, 0.54107517004013062, 1.8992895951560471e-13, -7.6461955585545712e-15, -2.5778848608424725, 1.0, 1.0, 1.0]
['index_distal_phalange_mover_l', 1.0658141036401503e-14, 8.8817841970012523e-16, -1.0658141036401503e-14, 8.3706981118595507e-15, -3.3753279293821976e-15, 4.8112296134056103e-15, 1.0, 1.0, 1.0]
['index_distal_phalange_mover_r', -0.0, -0.0, -0.0, 8.3706981118595507e-15, -3.3753279293821976e-15, 4.8112296134056103e-15, 1.0, 1.0, 1.0]
['index_metacarpal_mover_l', 3.749402547283637, -0.59049212553580332, 0.27525008866605893, 1.6504521185499388e-14, 3.3974193091834488, -1.2636085644363742e-14, 1.0, 1.0, 1.0]
['index_metacarpal_mover_r', -3.7494025230407715, 0.5904921293258667, -0.27525007724761963, 1.6504521185499388e-14, 3.3974193091834488, -1.2636085644363742e-14, 1.0, 1.0, 1.0]
['index_metatarsal_mover_l', -14.91370752072056, -9.4870097156413173, -0.44236314849994685, -0.77449965276020472, -5.6085382010933404, -0.25110288687910204, 1.0, 1.0, 1.0]
['index_metatarsal_mover_r', 14.913707733154297, 9.4870100021362305, 0.44236314296722412, -0.77449965276020472, -5.6085382010933404, -0.25110288687910204, 1.0, 1.0, 1.0]
['index_middle_phalange_mover_l', 0.0, -1.7763568394002505e-15, -1.4210854715202004e-14, 3.8607709658780784e-15, -1.5078325170470424e-14, -7.173922591700063e-15, 1.0, 1.0, 1.0]
['index_middle_phalange_mover_r', -0.0, -0.0, -0.0, 3.8607709658780784e-15, -1.5078325170470424e-14, -7.173922591700063e-15, 1.0, 1.0, 1.0]
['index_proximal_phalange_mover_l', -15.126896213596805, -9.3168120385146871, 1.0033650617281999, -0.85828167592523996, -5.5997171221931508, -0.17253544469243798, 1.0, 1.0, 1.0]
['index_proximal_phalange_mover_r', -0.0, -0.0, -0.0, -0.85828167592523996, -5.5997171221931508, -0.17253544469243798, 1.0, 1.0, 1.0]
['inside_pivot_l_mover', 22.296294156867308, -6.8310852870263323, 0.26196070835824514, 0.0, 0.53752522796302371, 0.0, 1.0, 1.0, 1.0]
['inside_pivot_r_mover', 22.296293258666992, -6.831085205078125, -0.2619607150554657, 0.0, -0.5375252366065979, -0.0, 1.0, 1.0, 1.0]
['jaw_mover', -0.00023173901000611563, -7.5498966928027134, 4.6894818387319219, 269.99997958180427, 26.395329571896852, -90.000020608504087, 0.55554800457242504, 0.55554800457242504, 0.55554800457242504]
['lowerarm_mover_l', 14.522153039417731, 2.2873451781018854, -1.2945879078128542, 0.41271662264072617, -7.6952513327492778, -8.5626938473202969, 1.0, 1.0, 1.0]
['lowerarm_mover_r', -14.522152900695801, -2.2873451709747314, 1.2945878505706787, 0.41271662264072617, -7.6952513327492778, -8.5626938473202969, 1.0, 1.0, 1.0]
['lowerarm_twist_01_mover_l', -2.7649352447916442, -3.5527136788005009e-14, 0.11318577887772108, 0.0, 0.0, 0.0, 1.0, 1.0, 1.0]
['lowerarm_twist_01_mover_r', 2.7649352550506592, 3.5527136788005009e-14, -0.11318577826023102, 0.0, 0.0, 0.0, 1.0, 1.0, 1.0]
['middle_01_mover_l', 10.952942689915488, 5.532209990163949, 1.9369739813351021, -10.607358571730513, -9.2550941812416365, 12.724863802131312, 1.0, 1.0, 1.0]
['middle_01_mover_r', -10.952942848205566, -5.5322098731994629, -1.9369739294052124, -10.607358571730513, -9.2550941812416365, 12.724863802131312, 1.0, 1.0, 1.0]
['middle_02_mover_l', 1.6631602965219088, 0.3168555993414941, -0.20901479076131579, 0.1209054261079949, 1.377558393350411, 5.7632498482952954, 1.0, 1.0, 1.0]
['middle_02_mover_r', -1.6631603240966797, -0.31685560941696167, 0.20901478826999664, 0.1209054261079949, 1.377558393350411, 5.7632498482952954, 1.0, 1.0, 1.0]
['middle_03_mover_l', 4.1130746595118239, -0.58368881461004207, -0.6696157358498489, -1.9639466130114296e-13, 2.8009315670711636, 2.9530290765488237e-14, 1.0, 1.0, 1.0]
['middle_03_mover_r', -4.113074779510498, 0.58368879556655884, 0.66961574554443359, -1.9639466130114296e-13, 2.8009315670711636, 2.9530290765488237e-14, 1.0, 1.0, 1.0]
['middle_distal_phalange_mover_l', -3.5527136788005009e-15, 1.7763568394002505e-15, 3.5527136788005009e-15, -1.1194061593744645e-14, -2.3403540765548488e-14, -1.5571862032894104e-15, 1.0, 1.0, 1.0]
['middle_distal_phalange_mover_r', -0.0, -0.0, -0.0, -1.1194061593744645e-14, -2.3403540765548488e-14, -1.5571862032894104e-15, 1.0, 1.0, 1.0]
['middle_metacarpal_mover_l', 3.6161903240597155, -0.6793483285007369, 0.15368373884109232, -4.2882252770989868e-14, 2.5885756857739386, 4.9755398468371553e-16, 1.0, 1.0, 1.0]
['middle_metacarpal_mover_r', -3.6161904335021973, 0.67934834957122803, -0.15368373692035675, -4.2882252770989868e-14, 2.5885756857739386, 4.9755398468371553e-16, 1.0, 1.0, 1.0]
['middle_metatarsal_mover_l', -14.509898445936651, -9.5097092180578109, 0.17504532808079531, -0.80270679860038596, -5.6071017640240841, -0.19581767111415088, 1.0, 1.0, 1.0]
['middle_metatarsal_mover_r', 14.50989818572998, 9.509709358215332, -0.17504532635211945, -0.80270679860038596, -5.6071017640240841, -0.19581767111415088, 1.0, 1.0, 1.0]
['middle_middle_phalange_mover_l', -1.0658141036401503e-14, 1.7763568394002505e-15, -3.5527136788005009e-15, -2.7357739877276031e-14, 6.9842182896400412e-15, -3.9394947673453193e-15, 1.0, 1.0, 1.0]
['middle_middle_phalange_mover_r', -0.0, -0.0, -0.0, -2.7357739877276031e-14, 6.9842182896400412e-15, -3.9394947673453193e-15, 1.0, 1.0, 1.0]
['middle_proximal_phalange_mover_l', -15.672541030846475, -7.6961579267579223, 0.39324964201222556, -1.4635398733923912, -5.4701922775212859, -0.21067406160505037, 1.0, 1.0, 1.0]
['middle_proximal_phalange_mover_r', -0.0, -0.0, -0.0, -1.4635398733923912, -5.4701922775212859, -0.21067406160505037, 1.0, 1.0, 1.0]
['neck_01_mover', -18.248057804296593, 9.0831564520628092, -7.0936598582260757e-05, 0.0, 0.0, -16.284106706261856, 1.0, 1.0, 1.0]
['outside_pivot_l_mover', 12.48160439547339, -7.2797183758510045, -1.7821898488692156, 0.0, -2.9079864362736303, 0.0, 1.0, 1.0, 1.0]
['outside_pivot_r_mover', 12.48160457611084, -7.2797183990478516, 1.7821898460388184, 0.0, 2.9079864025115967, -0.0, 1.0, 1.0, 1.0]
['pelvis_mover', -8.0438561263842132, 6.4063500534198932, -6.1746028121745646e-18, -1.1009184682107254e-16, -1.2722039639050067e-14, 0.20827987371630743, 1.0, 1.0, 1.0]
['pinky_01_mover_l', 7.3904563151744469, 10.906446179713157, 1.4421897512410453, -19.777043786131358, -19.824690784936486, 41.168699411063876, 1.0, 1.0, 1.0]
['pinky_01_mover_r', -7.3904561996459961, -10.90644645690918, -1.4421896934509277, -19.777043786131358, -19.824690784936486, 41.168699411063876, 1.0, 1.0, 1.0]
['pinky_02_mover_l', 0.26481719346928401, -0.013860926182260869, -0.11491139929276528, 2.4131498007724945e-14, -1.8703005973337426e-14, 4.8275466448276925, 1.0, 1.0, 1.0]
['pinky_02_mover_r', -0.26481720805168152, 0.013860926032066345, 0.11491139978170395, 2.4131498007724945e-14, -1.8703005973337426e-14, 4.8275466448276925, 1.0, 1.0, 1.0]
['pinky_03_mover_l', 3.206287583666068, -0.79414824350754998, -0.71559299830638423, 4.5483427018156347e-14, -3.0444312310889307e-14, 19.434784388663335, 1.0, 1.0, 1.0]
['pinky_03_mover_r', -3.2062876224517822, 0.79414826631546021, 0.71559298038482666, 4.5483427018156347e-14, -3.0444312310889307e-14, 19.434784388663335, 1.0, 1.0, 1.0]
['pinky_distal_phalange_mover_l', 1.7763568394002505e-15, 1.3322676295501878e-15, -7.1054273576010019e-15, -3.9756933518294438e-16, -3.8346804782566972e-14, 1.4338897155250317e-14, 1.0, 1.0, 1.0]
['pinky_distal_phalange_mover_r', -0.0, -0.0, -0.0, -3.9756933518294438e-16, -3.8346804782566972e-14, 1.4338897155250317e-14, 1.0, 1.0, 1.0]
['pinky_metacarpal_mover_l', 2.9355233986604219, -0.81340977787689894, -1.3476464963760915, -4.2399227558686254, -1.3273383819682073e-14, -3.3126274333518736e-14, 1.0, 1.0, 1.0]
['pinky_metacarpal_mover_r', -2.935523509979248, 0.81340980529785156, 1.3476464748382568, -4.2399227558686254, -1.3273383819682073e-14, -3.3126274333518736e-14, 1.0, 1.0, 1.0]
['pinky_metatarsal_mover_l', -13.787447925202375, -9.5806243952466783, 0.78365626107420638, -0.82702767096961283, -5.6057734765927929, -0.13457380368006561, 1.0, 1.0, 1.0]
['pinky_metatarsal_mover_r', 13.787447929382324, 9.5806245803833008, -0.78365623950958252, -0.82702767096961283, -5.6057734765927929, -0.13457380368006561, 1.0, 1.0, 1.0]
['pinky_middle_phalange_mover_l', 0.0, -8.8817841970012523e-16, 0.0, 0.0, 0.0, -6.3611093629270335e-15, 1.0, 1.0, 1.0]
['pinky_middle_phalange_mover_r', -0.0, -0.0, -0.0, 0.0, 0.0, -6.3611093629270335e-15, 1.0, 1.0, 1.0]
['pinky_proximal_phalange_mover_l', -14.59812362535839, -8.3715160563179012, 1.5268652026289971, -1.3085710502682071, -5.5135667229013441, -0.11205148390279458, 1.0, 1.0, 1.0]
['pinky_proximal_phalange_mover_r', -0.0, -0.0, -0.0, -1.3085710502682071, -5.5135667229013441, -0.11205148390279458, 1.0, 1.0, 1.0]
['ring_01_mover_l', 11.112055606994943, 6.692846421077661, 2.9559925237194662, -15.721514205372433, -23.600825332629285, 16.637012147403489, 1.0, 1.0, 1.0]
['ring_01_mover_r', -11.112055778503418, -6.6928462982177734, -2.9559924602508545, -15.721514205372433, -23.600825332629285, 16.637012147403489, 1.0, 1.0, 1.0]
['ring_02_mover_l', 1.8161390289698147, 0.87401320851230935, -0.0823840988251483, 0.0, 0.0, 12.852262414236453, 1.0, 1.0, 1.0]
['ring_02_mover_r', -1.8161389827728271, -0.87401318550109863, 0.082384102046489716, 0.0, 0.0, 12.852262414236453, 1.0, 1.0, 1.0]
['ring_03_mover_l', 4.07508265535904, -0.71985366147879404, 0.082382394580044149, 0.0, 0.0, 3.975693351829396e-15, 1.0, 1.0, 1.0]
['ring_03_mover_r', -4.0750827789306641, 0.71985363960266113, -0.08238239586353302, 0.0, 0.0, 3.975693351829396e-15, 1.0, 1.0, 1.0]
['ring_distal_phalange_mover_l', -1.0658141036401503e-14, -1.7763568394002505e-15, -3.5527136788005009e-15, -2.034436832381449e-14, -7.5013992379113757e-15, 2.1107015960690659e-14, 1.0, 1.0, 1.0]
['ring_distal_phalange_mover_r', -0.0, -0.0, -0.0, -2.034436832381449e-14, -7.5013992379113757e-15, 2.1107015960690659e-14, 1.0, 1.0, 1.0]
['ring_metacarpal_mover_l', 3.243688724737666, -0.76869863187411624, -0.10164104144248487, -5.6591510054946568e-14, 1.4714724417415359e-15, -1.7070633329417475e-14, 1.0, 1.0, 1.0]
['ring_metacarpal_mover_r', -3.2436888217926025, 0.76869863271713257, 0.10164104402065277, -5.6591510054946568e-14, 1.4714724417415359e-15, -1.7070633329417475e-14, 1.0, 1.0, 1.0]
['ring_metatarsal_mover_l', -14.12700187747085, -9.6036021776185159, -0.006881348173191526, -0.78466050541876464, -5.6127813689291921, -0.10327517505770362, 1.0, 1.0, 1.0]
['ring_metatarsal_mover_r', 14.127001762390137, 9.603602409362793, 0.0068813483230769634, -0.78466050541876464, -5.6127813689291921, -0.10327517505770362, 1.0, 1.0, 1.0]
['ring_middle_phalange_mover_l', -1.0658141036401503e-14, -4.4408920985006262e-15, 1.7763568394002505e-14, -3.6253353751994304e-14, -6.4139115402560211e-16, -1.1985317751071625e-15, 1.0, 1.0, 1.0]
['ring_middle_phalange_mover_r', -0.0, -0.0, -0.0, -3.6253353751994304e-14, -6.4139115402560211e-16, -1.1985317751071625e-15, 1.0, 1.0, 1.0]
['ring_proximal_phalange_mover_l', -15.20512399282276, -7.8887357842680359, 0.75954124787827837, -1.440921252057914, -5.4792598188707657, -0.14303044585399555, 1.0, 1.0, 1.0]
['ring_proximal_phalange_mover_r', -0.0, -0.0, -0.0, -1.440921252057914, -5.4792598188707657, -0.14303044585399555, 1.0, 1.0, 1.0]
['root_mover', 0.0, 0.0, 0.0, 0.0, 0.0, 0.0, 0.3725686976576798, 0.3725686976576798, 0.3725686976576798]
['spine_01_mover', 17.499642844416059, -1.3278625455864344, 0.36559876947719977, 0.0, 0.0, 7.0275631300861194, 1.0, 1.0, 1.0]
['spine_02_mover', 6.1378618887648599, -6.7335705942683219, -4.4268307443084964e-05, 0.0, 0.0, -9.2860526559934087, 1.0, 1.0, 1.0]
['spine_03_mover', -2.029239101563121, -0.65958083874702567, -4.9322026076492609e-05, 0.0, 0.0, -1.4174911546631386, 1.0, 1.0, 1.0]
['thigh_mover_l', -8.8543763577870038, 0.22831356821782434, 1.0689191902788089, 0.10952043763728762, -12.336534455835549, 0.89902224116368146, 0.91378554513750854, 0.91378554513750854, 0.91378554513750854]
['thigh_mover_r', 8.8543767929077148, -0.22831356525421143, -1.0689191818237305, 0.10952043763728762, -12.336534455835549, 0.89902224116368146, 0.91378554513750854, 0.91378554513750854, 0.91378554513750854]
['thigh_twist_01_mover_l', -10.758329566426909, -5.5581317326414137e-10, 5.5320045201900285, 0.0, 0.0, 0.0, 1.0, 1.0, 1.0]
['thigh_twist_01_mover_r', 10.758329391479492, 5.5581317326414137e-10, -5.5320043563842773, 0.0, 0.0, 0.0, 1.0, 1.0, 1.0]
['thumb_01_mover_l', 4.5382359970625146, 4.8593555434291886, 4.2559059698919484, 24.534622533107125, 2.2233424176013523, 6.1550641290770987, 1.0, 1.0, 1.0]
['thumb_01_mover_r', -4.538236141204834, -4.8593554496765137, -4.2559061050415039, 24.534622533107125, 2.2233424176013523, 6.1550641290770987, 1.0, 1.0, 1.0]
['thumb_02_mover_l', 1.1064115336636462, 0.93691930262086487, -1.0435790563392047, -1.0592476759196667, 5.1436338245345938, -2.1845588060234298, 1.0, 1.0, 1.0]
['thumb_02_mover_r', -1.1064115762710571, -0.93691933155059814, 1.0435791015625, -1.0592476759196667, 5.1436338245345938, -2.1845588060234298, 1.0, 1.0, 1.0]
['thumb_03_mover_l', 0.78851473038676545, -0.44531444668430709, -0.29600809169630793, 2.1928543102006204, 4.7457375337567038, -1.1447911048299739, 1.0, 1.0, 1.0]
['thumb_03_mover_r', -0.78851473331451416, 0.4453144371509552, 0.29600808024406433, 2.1928543102006204, 4.7457375337567038, -1.1447911048299739, 1.0, 1.0, 1.0]
['toe_pivot_l_mover', 8.6068312774278084, -21.543215588864264, -2.1351446531836569, 6.2632409915290097, 2.4244932827200341, -0.83377668073539746, 1.0, 1.0, 1.0]
['toe_pivot_r_mover', 8.6068315505981445, -21.543214797973633, 2.1351447105407715, 6.2632408142089844, -2.4244933128356934, 0.83377665281295776, 1.0, 1.0, 1.0]
['upperarm_mover_l', -20.984624909633567, 17.938454014387769, -2.4290678079029533, -0.060048003862341527, 5.3696890502111376, 2.0431683751183782, 1.0, 1.0, 1.0]
['upperarm_mover_r', 20.984624862670898, -17.938453674316406, 2.429067850112915, -0.060048003862341527, 5.3696890502111376, 2.0431683751183782, 1.0, 1.0, 1.0]
['upperarm_twist_01_mover_l', 1.4462542388101838, 2.7556090742564265e-10, -7.1913177634996828e-09, 0.0, 0.0, 0.0, 1.0, 1.0, 1.0]
['upperarm_twist_01_mover_r', -1.4462542533874512, -2.7556090742564265e-10, 7.1913177634996828e-09, 0.0, 0.0, 0.0, 1.0, 1.0, 1.0]
['ball_mover_offset_l', 0.0, 0.0, 0.0, 0.0, 0.0, 0.0, 1.0, 1.0, 1.0]
['ball_mover_offset_r', -0.0, -0.0, -0.0, 0.0, 0.0, 0.0, 1.0, 1.0, 1.0]
['bigtoe_distal_phalange_mover_offset_l', 0.0, 0.0, 0.0, 0.0, 0.0, 0.0, 1.0, 1.0, 1.0]
['bigtoe_distal_phalange_mover_offset_r', -0.0, -0.0, -0.0, 0.0, 0.0, 0.0, 1.0, 1.0, 1.0]
['bigtoe_metatarsal_mover_offset_l', 0.0, 0.0, 0.0, 0.0, 0.0, 0.0, 1.0, 1.0, 1.0]
['bigtoe_metatarsal_mover_offset_r', -0.0, -0.0, -0.0, 0.0, 0.0, 0.0, 1.0, 1.0, 1.0]
['bigtoe_proximal_phalange_mover_offset_l', 0.0, 0.0, 0.0, 0.0, 0.0, 0.0, 1.0, 1.0, 1.0]
['bigtoe_proximal_phalange_mover_offset_r', -0.0, -0.0, -0.0, 0.0, 0.0, 0.0, 1.0, 1.0, 1.0]
['calf_mover_offset_l', 0.0, 0.0, 0.0, 0.0, 0.0, 0.0, 1.0, 1.0, 1.0]
['calf_mover_offset_r', -0.0, -0.0, -0.0, 0.0, 0.0, 0.0, 1.0, 1.0, 1.0]
['calf_twist_01_mover_offset_l', 2.5448079282168332, -1.844822930280104, -1.0548321798575304, 16.75530516956935, -0.49015900282224151, 8.0984977819903694, 1.0, 1.0, 1.0]
['calf_twist_01_mover_offset_r', -2.5448079109191895, 1.844822883605957, 1.0548322200775146, 16.75530516956935, -0.49015900282224151, 8.0984977819903694, 1.0, 1.0, 1.0]
['clavicle_mover_offset_l', 0.0, 0.0, 0.0, 0.0, 0.0, 0.0, 1.0, 1.0, 1.0]
['clavicle_mover_offset_r', -0.0, -0.0, -0.0, 0.0, 0.0, 0.0, 1.0, 1.0, 1.0]
['foot_mover_offset_l', 0.0, 0.0, 0.0, 0.0, 0.0, 0.0, 1.0, 1.0, 1.0]
['foot_mover_offset_r', -0.0, -0.0, -0.0, 0.0, 0.0, 0.0, 1.0, 1.0, 1.0]
['hand_mover_offset_l', 0.0, 0.0, 0.0, 0.0, 0.0, 0.0, 1.0, 1.0, 1.0]
['hand_mover_offset_r', -0.0, -0.0, -0.0, 0.0, 0.0, 0.0, 1.0, 1.0, 1.0]
['head_mover_offset', 0.0, 0.0, 0.0, 0.0, 0.0, 0.0, 1.0, 1.0, 1.0]
['hood_01_mover_offset', 0.0, 0.0, 0.0, 0.0, -0.0, 0.0, 1.0, 1.0, 1.0]
['hood_02_mover_offset', 0.0, 0.0, 0.0, 0.0, -0.0, 0.0, 1.0, 1.0, 1.0]
['hood_03_mover_offset', 0.0, 0.0, 0.0, 0.0, 0.0, 0.0, 1.0, 1.0, 1.0]
['index_01_mover_offset_l', 0.0, 0.0, 0.0, -0.0018582362547760777, 0.41921620179718078, -0.50793801392120708, 1.0, 1.0, 1.0]
['index_01_mover_offset_r', -0.0, -0.0, -0.0, -0.0018582362547760777, 0.41921620179718078, -0.50793801392120708, 1.0, 1.0, 1.0]
['index_02_mover_offset_l', 0.0, 0.0, 0.0, -0.030854370778851774, 1.1360367443980324, -3.1114009617103386, 1.0, 1.0, 1.0]
['index_02_mover_offset_r', -0.0, -0.0, -0.0, -0.030854370778851774, 1.1360367443980324, -3.1114009617103386, 1.0, 1.0, 1.0]
['index_03_mover_offset_l', 0.0, 0.0, 0.0, 0.0, 0.0, 0.0, 1.0, 1.0, 1.0]
['index_03_mover_offset_r', -0.0, -0.0, -0.0, 0.0, 0.0, 0.0, 1.0, 1.0, 1.0]
['index_distal_phalange_mover_offset_l', 0.0, 0.0, 0.0, 0.0, 0.0, 0.0, 1.0, 1.0, 1.0]
['index_distal_phalange_mover_offset_r', -0.0, -0.0, -0.0, 0.0, 0.0, 0.0, 1.0, 1.0, 1.0]
['index_metacarpal_mover_offset_l', 0.0, 0.0, 0.0, 0.0, 0.0, 0.0, 1.0, 1.0, 1.0]
['index_metacarpal_mover_offset_r', -0.0, -0.0, -0.0, 0.0, 0.0, 0.0, 1.0, 1.0, 1.0]
['index_metatarsal_mover_offset_l', 0.0, 0.0, 0.0, 0.0, 0.0, 0.0, 1.0, 1.0, 1.0]
['index_metatarsal_mover_offset_r', -0.0, -0.0, -0.0, 0.0, 0.0, 0.0, 1.0, 1.0, 1.0]
['index_middle_phalange_mover_offset_l', 0.0, 0.0, 0.0, 0.0, 0.0, 0.0, 1.0, 1.0, 1.0]
['index_middle_phalange_mover_offset_r', -0.0, -0.0, -0.0, 0.0, 0.0, 0.0, 1.0, 1.0, 1.0]
['index_proximal_phalange_mover_offset_l', 0.0, 0.0, 0.0, 0.0, 0.0, 0.0, 1.0, 1.0, 1.0]
['index_proximal_phalange_mover_offset_r', -0.0, -0.0, -0.0, 0.0, 0.0, 0.0, 1.0, 1.0, 1.0]
['jaw_mover_offset', 0.0, 0.0, 0.0, 0.0, 0.0, 0.0, 1.0, 1.0, 1.0]
['lowerarm_mover_offset_l', 0.0, 0.0, 0.0, 0.0, 0.0, 0.0, 1.0, 1.0, 1.0]
['lowerarm_mover_offset_r', -0.0, -0.0, -0.0, 0.0, 0.0, 0.0, 1.0, 1.0, 1.0]
['lowerarm_twist_01_mover_offset_l', -1.6545167306578064, 0.1536716124982504, 1.8499345549377415, -75.511588838022149, 7.0871681225820566, 1.710324296744101, 1.0, 1.0, 1.0]
['lowerarm_twist_01_mover_offset_r', 1.6545166969299316, -0.15367160737514496, -1.8499345779418945, -75.511588838022149, 7.0871681225820566, 1.710324296744101, 1.0, 1.0, 1.0]
['middle_01_mover_offset_l', 0.0, 0.0, 0.0, 0.0, 0.0, 0.0, 1.0, 1.0, 1.0]
['middle_01_mover_offset_r', -0.0, -0.0, -0.0, 0.0, 0.0, 0.0, 1.0, 1.0, 1.0]
['middle_02_mover_offset_l', 2.57369640249604, -0.001688042153862178, -0.019756525290706217, -0.00065248459817231154, 0.93540753147612943, -0.079930460222269656, 1.0, 1.0, 1.0]
['middle_02_mover_offset_r', -2.5736963748931885, 0.001688042189925909, 0.019756525754928589, -0.00065248459817231154, 0.93540753147612943, -0.079930460222269656, 1.0, 1.0, 1.0]
['middle_03_mover_offset_l', 0.78321514283421334, -0.14684176472773969, 1.2621774483536189e-29, 0.0, 0.0, 0.0, 1.0, 1.0, 1.0]
['middle_03_mover_offset_r', -0.78321516513824463, 0.14684176445007324, -1.2621774483536189e-29, 0.0, 0.0, 0.0, 1.0, 1.0, 1.0]
['middle_distal_phalange_mover_offset_l', 0.0, 0.0, 0.0, 0.0, 0.0, 0.0, 1.0, 1.0, 1.0]
['middle_distal_phalange_mover_offset_r', -0.0, -0.0, -0.0, 0.0, 0.0, 0.0, 1.0, 1.0, 1.0]
['middle_metacarpal_mover_offset_l', 0.0, 0.0, 0.0, 0.0, 0.0, 0.0, 1.0, 1.0, 1.0]
['middle_metacarpal_mover_offset_r', -0.0, -0.0, -0.0, 0.0, 0.0, 0.0, 1.0, 1.0, 1.0]
['middle_metatarsal_mover_offset_l', 0.0, 0.0, 0.0, 0.0, 0.0, 0.0, 1.0, 1.0, 1.0]
['middle_metatarsal_mover_offset_r', -0.0, -0.0, -0.0, 0.0, 0.0, 0.0, 1.0, 1.0, 1.0]
['middle_middle_phalange_mover_offset_l', 0.0, 0.0, 0.0, 0.0, 0.0, 0.0, 1.0, 1.0, 1.0]
['middle_middle_phalange_mover_offset_r', -0.0, -0.0, -0.0, 0.0, 0.0, 0.0, 1.0, 1.0, 1.0]
['middle_proximal_phalange_mover_offset_l', 0.0, 0.0, 0.0, 0.0, 0.0, 0.0, 1.0, 1.0, 1.0]
['middle_proximal_phalange_mover_offset_r', -0.0, -0.0, -0.0, 0.0, 0.0, 0.0, 1.0, 1.0, 1.0]
['neck_01_mover_offset', 0.0, 0.0, 0.0, 0.0, 0.0, 0.0, 1.0, 1.0, 1.0]
['pelvis_mover_offset', 0.0, 0.0, 0.0, 0.0, 0.0, 0.0, 1.0, 1.0, 1.0]
['pinky_01_mover_offset_l', 0.0, 0.0, 0.0, 0.011252397364756809, 0.78977413663394547, 1.6325200465510441, 1.0, 1.0, 1.0]
['pinky_01_mover_offset_r', -0.0, -0.0, -0.0, 0.011252397364756809, 0.78977413663394547, 1.6325200465510441, 1.0, 1.0, 1.0]
['pinky_02_mover_offset_l', 1.0631993944049629, 1.4210854715618992e-14, 1.4210854715063928e-14, 0.24980423173242755, 3.1252206370789501, 9.137824630817688, 1.0, 1.0, 1.0]
['pinky_02_mover_offset_r', -1.0631994009017944, -1.4210854715202004e-14, -1.4210854715202004e-14, 0.24980423173242755, 3.1252206370789501, 9.137824630817688, 1.0, 1.0, 1.0]
['pinky_03_mover_offset_l', 1.5631925096078865, -0.42852650705323442, -7.1054273578094946e-14, 0.0, 0.0, 0.0, 1.0, 1.0, 1.0]
['pinky_03_mover_offset_r', -1.5631924867630005, 0.42852652072906494, 7.1054273576010019e-14, 0.0, 0.0, 0.0, 1.0, 1.0, 1.0]
['pinky_distal_phalange_mover_offset_l', 0.0, 0.0, 0.0, 0.0, 0.0, 0.0, 1.0, 1.0, 1.0]
['pinky_distal_phalange_mover_offset_r', -0.0, -0.0, -0.0, 0.0, 0.0, 0.0, 1.0, 1.0, 1.0]
['pinky_metacarpal_mover_offset_l', 0.0, 0.0, 0.0, 0.0, 0.0, 0.0, 1.0, 1.0, 1.0]
['pinky_metacarpal_mover_offset_r', -0.0, -0.0, -0.0, 0.0, 0.0, 0.0, 1.0, 1.0, 1.0]
['pinky_metatarsal_mover_offset_l', 0.0, 0.0, 0.0, 0.0, 0.0, 0.0, 1.0, 1.0, 1.0]
['pinky_metatarsal_mover_offset_r', -0.0, -0.0, -0.0, 0.0, 0.0, 0.0, 1.0, 1.0, 1.0]
['pinky_middle_phalange_mover_offset_l', 0.0, 0.0, 0.0, 0.0, 0.0, 0.0, 1.0, 1.0, 1.0]
['pinky_middle_phalange_mover_offset_r', -0.0, -0.0, -0.0, 0.0, 0.0, 0.0, 1.0, 1.0, 1.0]
['pinky_proximal_phalange_mover_offset_l', 0.0, 0.0, 0.0, 0.0, 0.0, 0.0, 1.0, 1.0, 1.0]
['pinky_proximal_phalange_mover_offset_r', -0.0, -0.0, -0.0, 0.0, 0.0, 0.0, 1.0, 1.0, 1.0]
['ring_01_mover_offset_l', 0.0, 0.0, 0.0, -0.016719017180113684, -0.34606675168600753, 5.5317766890785309, 1.0, 1.0, 1.0]
['ring_01_mover_offset_r', -0.0, -0.0, -0.0, -0.016719017180113684, -0.34606675168600753, 5.5317766890785309, 1.0, 1.0, 1.0]
['ring_02_mover_offset_l', 0.19167201328967631, 0.3814912797828498, 4.2632564145746858e-14, 0.01821547735345146, 0.42158414841913405, 4.9480823709999537, 1.0, 1.0, 1.0]
['ring_02_mover_offset_r', -0.19167201220989227, -0.3814912736415863, -4.2632564145606011e-14, 0.01821547735345146, 0.42158414841913405, 4.9480823709999537, 1.0, 1.0, 1.0]
['ring_03_mover_offset_l', -0.88815126881444506, 1.4431548188609207, -2.8421709430127881e-14, 0.0, 0.0, 0.0, 1.0, 1.0, 1.0]
['ring_03_mover_offset_r', 0.88815128803253174, -1.4431548118591309, 2.8421709430404007e-14, 0.0, 0.0, 0.0, 1.0, 1.0, 1.0]
['ring_distal_phalange_mover_offset_l', 0.0, 0.0, 0.0, 0.0, 0.0, 0.0, 1.0, 1.0, 1.0]
['ring_distal_phalange_mover_offset_r', -0.0, -0.0, -0.0, 0.0, 0.0, 0.0, 1.0, 1.0, 1.0]
['ring_metacarpal_mover_offset_l', 0.0, 0.0, 0.0, 0.0, 0.0, 0.0, 1.0, 1.0, 1.0]
['ring_metacarpal_mover_offset_r', -0.0, -0.0, -0.0, 0.0, 0.0, 0.0, 1.0, 1.0, 1.0]
['ring_metatarsal_mover_offset_l', 0.0, 0.0, 0.0, 0.0, 0.0, 0.0, 1.0, 1.0, 1.0]
['ring_metatarsal_mover_offset_r', -0.0, -0.0, -0.0, 0.0, 0.0, 0.0, 1.0, 1.0, 1.0]
['ring_middle_phalange_mover_offset_l', 0.0, 0.0, 0.0, 0.0, 0.0, 0.0, 1.0, 1.0, 1.0]
['ring_middle_phalange_mover_offset_r', -0.0, -0.0, -0.0, 0.0, 0.0, 0.0, 1.0, 1.0, 1.0]
['ring_proximal_phalange_mover_offset_l', 0.0, 0.0, 0.0, 0.0, 0.0, 0.0, 1.0, 1.0, 1.0]
['ring_proximal_phalange_mover_offset_r', -0.0, -0.0, -0.0, 0.0, 0.0, 0.0, 1.0, 1.0, 1.0]
['spine_01_mover_offset', 0.0, 0.0, 0.0, 0.0, 0.0, 0.0, 1.0, 1.0, 1.0]
['spine_02_mover_offset', 0.0, 0.0, 0.0, 0.0, 0.0, 0.0, 1.0, 1.0, 1.0]
['spine_03_mover_offset', 0.0, 0.0, 0.0, 0.0, 0.0, 0.0, 1.0, 1.0, 1.0]
['thigh_mover_offset_l', 0.0, 0.0, 0.0, 0.0, 0.0, 0.0, 1.0, 1.0, 1.0]
['thigh_mover_offset_r', -0.0, -0.0, -0.0, 0.0, 0.0, 0.0, 1.0, 1.0, 1.0]
['thigh_twist_01_mover_offset_l', 9.1489859764848713, -1.0945445059941539e-29, -5.5320045249025753, 0.0, 0.0, 0.0, 1.0, 1.0, 1.0]
['thigh_twist_01_mover_offset_r', -9.1489858627319336, 1.0945445059941539e-29, 5.5320043563842773, 0.0, 0.0, 0.0, 1.0, 1.0, 1.0]
['thumb_01_mover_offset_l', 0.0, 0.0, 0.0, 0.0, 0.0, 0.0, 1.0, 1.0, 1.0]
['thumb_01_mover_offset_r', -0.0, -0.0, -0.0, 0.0, 0.0, 0.0, 1.0, 1.0, 1.0]
['thumb_02_mover_offset_l', 0.0, 0.0, 0.0, 0.0, 0.0, 0.0, 1.0, 1.0, 1.0]
['thumb_02_mover_offset_r', -0.0, -0.0, -0.0, 0.0, 0.0, 0.0, 1.0, 1.0, 1.0]
['thumb_03_mover_offset_l', 0.0, 0.0, 0.0, 0.0, 0.0, 0.0, 1.0, 1.0, 1.0]
['thumb_03_mover_offset_r', -0.0, -0.0, -0.0, 0.0, 0.0, 0.0, 1.0, 1.0, 1.0]
['upperarm_mover_offset_l', 0.0, 0.0, 0.0, 0.0, 0.0, 0.0, 1.0, 1.0, 1.0]
['upperarm_mover_offset_r', -0.0, -0.0, -0.0, 0.0, 0.0, 0.0, 1.0, 1.0, 1.0]
['upperarm_twist_01_mover_offset_l', 0.0, 0.0, 0.0, 0.0, 0.0, 0.0, 1.0, 1.0, 1.0]
['upperarm_twist_01_mover_offset_r', -0.0, -0.0, -0.0, 0.0, 0.0, 0.0, 1.0, 1.0, 1.0]
['ball_geo_mover_l', 0.0, 0.0, 0.0, 0.0, 0.0, 0.0, 1.0, 1.0, 1.0]
['ball_geo_mover_r', -0.0, -0.0, -0.0, 0.0, 0.0, 0.0, 1.0, 1.0, 1.0]
['calf_geo_mover_l', 0.0, 0.0, 0.0, 0.0, 0.0, 0.0, 1.0, 1.0, 1.0]
['calf_geo_mover_r', -0.0, -0.0, -0.0, 0.0, 0.0, 0.0, 1.0, 1.0, 1.0]
['calf_twist_01_geo_mover_l', 0.0, 0.0, 0.0, 0.0, 0.0, 0.0, 1.0, 1.0, 1.0]
['calf_twist_01_geo_mover_r', -0.0, -0.0, -0.0, 0.0, 0.0, 0.0, 1.0, 1.0, 1.0]
['clavicle_geo_mover_l', 0.0, 0.0, 0.0, 0.0, 0.0, 0.0, 1.0, 1.0, 1.0]
['clavicle_geo_mover_r', -0.0, -0.0, -0.0, 0.0, 0.0, 0.0, 1.0, 1.0, 1.0]
['foot_geo_mover_l', 0.0, 0.0, 0.0, 0.0, 0.0, 0.0, 1.0, 1.0, 1.0]
['foot_geo_mover_r', -0.0, -0.0, -0.0, 0.0, 0.0, 0.0, 1.0, 1.0, 1.0]
['hand_geo_mover_l', 0.0, 0.0, 0.0, 0.0, 0.0, 0.0, 1.0, 1.0, 1.0]
['hand_geo_mover_r', -0.0, -0.0, -0.0, 0.0, 0.0, 0.0, 1.0, 1.0, 1.0]
['head_geo_mover', 0.0, 0.0, 0.0, 0.0, 0.0, 0.0, 1.0, 1.0, 1.0]
['hood_01_geo_mover', 0.0, 0.0, 0.0, 0.0, 0.0, 0.0, 1.0, 1.0, 1.0]
['hood_02_geo_mover', 0.0, 0.0, 0.0, 0.0, 0.0, 0.0, 1.0, 1.0, 1.0]
['hood_03_geo_mover', 0.0, 0.0, 0.0, 0.0, 0.0, 0.0, 1.0, 1.0, 1.0]
['index_01_geo_mover_l', 0.0, 0.0, 0.0, 0.0, 0.0, 0.0, 1.0, 1.0, 1.0]
['index_01_geo_mover_r', -0.0, -0.0, -0.0, 0.0, 0.0, 0.0, 1.0, 1.0, 1.0]
['index_02_geo_mover_l', 0.0, 0.0, 0.0, 0.0, 0.0, 0.0, 1.0, 1.0, 1.0]
['index_02_geo_mover_r', -0.0, -0.0, -0.0, 0.0, 0.0, 0.0, 1.0, 1.0, 1.0]
['index_03_geo_mover_l', 0.0, 0.0, 0.0, 0.0, 0.0, 0.0, 1.0, 1.0, 1.0]
['index_03_geo_mover_r', -0.0, -0.0, -0.0, 0.0, 0.0, 0.0, 1.0, 1.0, 1.0]
['jaw_geo_mover', 0.0, 0.0, 0.0, 0.0, 0.0, 0.0, 1.0, 1.0, 1.0]
['lowerarm_geo_mover_l', 0.0, 0.0, 0.0, 0.0, 0.0, 0.0, 1.0, 1.0, 1.0]
['lowerarm_geo_mover_r', -0.0, -0.0, -0.0, 0.0, 0.0, 0.0, 1.0, 1.0, 1.0]
['lowerarm_twist_01_geo_mover_l', 0.0, 0.0, 0.0, 0.0, 0.0, 0.0, 1.0, 1.0, 1.0]
['lowerarm_twist_01_geo_mover_r', -0.0, -0.0, -0.0, 0.0, 0.0, 0.0, 1.0, 1.0, 1.0]
['middle_01_geo_mover_l', 0.0, 0.0, 0.0, 0.0, 0.0, 0.0, 1.0, 1.0, 1.0]
['middle_01_geo_mover_r', -0.0, -0.0, -0.0, 0.0, 0.0, 0.0, 1.0, 1.0, 1.0]
['middle_02_geo_mover_l', 0.0, 0.0, 0.0, 0.0, 0.0, 0.0, 1.0, 1.0, 1.0]
['middle_02_geo_mover_r', -0.0, -0.0, -0.0, 0.0, 0.0, 0.0, 1.0, 1.0, 1.0]
['middle_03_geo_mover_l', 0.0, 0.0, 0.0, 0.0, 0.0, 0.0, 1.0, 1.0, 1.0]
['middle_03_geo_mover_r', -0.0, -0.0, -0.0, 0.0, 0.0, 0.0, 1.0, 1.0, 1.0]
['neck_01_geo_mover', 0.0, 0.0, 0.0, 0.0, 0.0, 0.0, 1.0, 1.0, 1.0]
['pelvis_geo_mover', 0.0, 0.0, 0.0, 0.0, 0.0, 0.0, 1.0, 1.0, 1.0]
['pinky_01_geo_mover_l', 0.0, 0.0, 0.0, 0.0, 0.0, 0.0, 1.0, 1.0, 1.0]
['pinky_01_geo_mover_r', -0.0, -0.0, -0.0, 0.0, 0.0, 0.0, 1.0, 1.0, 1.0]
['pinky_02_geo_mover_l', 0.0, 0.0, 0.0, 0.0, 0.0, 0.0, 1.0, 1.0, 1.0]
['pinky_02_geo_mover_r', -0.0, -0.0, -0.0, 0.0, 0.0, 0.0, 1.0, 1.0, 1.0]
['pinky_03_geo_mover_l', 0.0, 0.0, 0.0, 0.0, 0.0, 0.0, 1.0, 1.0, 1.0]
['pinky_03_geo_mover_r', -0.0, -0.0, -0.0, 0.0, 0.0, 0.0, 1.0, 1.0, 1.0]
['ring_01_geo_mover_l', 0.0, 0.0, 0.0, 0.0, 0.0, 0.0, 1.0, 1.0, 1.0]
['ring_01_geo_mover_r', -0.0, -0.0, -0.0, 0.0, 0.0, 0.0, 1.0, 1.0, 1.0]
['ring_02_geo_mover_l', 0.0, 0.0, 0.0, 0.0, 0.0, 0.0, 1.0, 1.0, 1.0]
['ring_02_geo_mover_r', -0.0, -0.0, -0.0, 0.0, 0.0, 0.0, 1.0, 1.0, 1.0]
['ring_03_geo_mover_l', 0.0, 0.0, 0.0, 0.0, 0.0, 0.0, 1.0, 1.0, 1.0]
['ring_03_geo_mover_r', -0.0, -0.0, -0.0, 0.0, 0.0, 0.0, 1.0, 1.0, 1.0]
['spine_01_geo_mover', 0.0, 0.0, 0.0, 0.0, 0.0, 0.0, 1.0, 1.0, 1.0]
['spine_02_geo_mover', 0.0, 0.0, 0.0, 0.0, 0.0, 0.0, 1.0, 1.0, 1.0]
['spine_03_geo_mover', 0.0, 0.0, 0.0, 0.0, 0.0, 0.0, 1.0, 1.0, 1.0]
['thigh_geo_mover_l', 0.0, 0.0, 0.0, 0.0, 0.0, 0.0, 1.0, 1.0, 1.0]
['thigh_geo_mover_r', -0.0, -0.0, -0.0, 0.0, 0.0, 0.0, 1.0, 1.0, 1.0]
['thigh_twist_01_geo_mover_l', 0.0, 0.0, 0.0, 0.0, 0.0, 0.0, 1.0, 1.0, 1.0]
['thigh_twist_01_geo_mover_r', -0.0, -0.0, -0.0, 0.0, 0.0, 0.0, 1.0, 1.0, 1.0]
['thumb_01_geo_mover_l', 0.0, 0.0, 0.0, 0.0, 0.0, 0.0, 1.0, 1.0, 1.0]
['thumb_01_geo_mover_r', -0.0, -0.0, -0.0, 0.0, 0.0, 0.0, 1.0, 1.0, 1.0]
['thumb_02_geo_mover_l', 0.0, 0.0, 0.0, 0.0, 0.0, 0.0, 1.0, 1.0, 1.0]
['thumb_02_geo_mover_r', -0.0, -0.0, -0.0, 0.0, 0.0, 0.0, 1.0, 1.0, 1.0]
['thumb_03_geo_mover_l', 0.0, 0.0, 0.0, 0.0, 0.0, 0.0, 1.0, 1.0, 1.0]
['thumb_03_geo_mover_r', -0.0, -0.0, -0.0, 0.0, 0.0, 0.0, 1.0, 1.0, 1.0]
['upperarm_geo_mover_l', 0.0, 0.0, 0.0, 0.0, 0.0, 0.0, 1.0, 1.0, 1.0]
['upperarm_geo_mover_r', -0.0, -0.0, -0.0, 0.0, 0.0, 0.0, 1.0, 1.0, 1.0]
['upperarm_twist_01_geo_mover_l', 0.0, 0.0, 0.0, 0.0, 0.0, 0.0, 1.0, 1.0, 1.0]
['upperarm_twist_01_geo_mover_r', -0.0, -0.0, -0.0, 0.0, 0.0, 0.0, 1.0, 1.0, 1.0]
['ball_l_lra', 0.0, 0.0, 0.0, 0.0, 0.0, 0.0, 1.0, 1.0, 1.0]
['ball_r_lra', 0.0, 0.0, 0.0, 0.0, 0.0, 0.0, 1.0, 1.0, 1.0]
['bigtoe_distal_phalange_l_lra', 0.0, 0.0, 0.0, 0.0, 0.0, 0.0, 1.0, 1.0, 1.0]
['bigtoe_distal_phalange_r_lra', 0.0, 0.0, 0.0, 0.0, 0.0, 0.0, 1.0, 1.0, 1.0]
['bigtoe_metatarsal_l_lra', 0.0, 0.0, 0.0, 0.0, 0.0, 0.0, 1.0, 1.0, 1.0]
['bigtoe_metatarsal_r_lra', 0.0, 0.0, 0.0, 0.0, 0.0, 0.0, 1.0, 1.0, 1.0]
['bigtoe_proximal_phalange_l_lra', 0.0, 0.0, 0.0, 0.0, 0.0, 0.0, 1.0, 1.0, 1.0]
['bigtoe_proximal_phalange_r_lra', 0.0, 0.0, 0.0, 0.0, 0.0, 0.0, 1.0, 1.0, 1.0]
['calf_l_lra', 0.0, 0.0, 0.0, 0.0, 0.0, 0.0, 1.0, 1.0, 1.0]
['calf_r_lra', 0.0, 0.0, 0.0, 0.0, 0.0, 0.0, 1.0, 1.0, 1.0]
['calf_twist_01_l_lra', 0.0, 0.0, 0.0, 0.0, 0.0, 0.0, 1.0, 1.0, 1.0]
['calf_twist_01_r_lra', 0.0, 0.0, 0.0, 0.0, 0.0, 0.0, 1.0, 1.0, 1.0]
['clavicle_l_lra', 0.0, -1.8873791418627661e-15, 0.0, -1.987846675914698e-16, -0.0, 0.0, 1.0, 1.0, 1.0]
['clavicle_r_lra', 0.0, 0.0, 0.0, 0.0, 0.0, 0.0, 1.0, 1.0, 1.0]
['foot_l_lra', 0.0, 0.0, 0.0, 0.0, 0.0, 0.0, 1.0, 1.0, 1.0]
['foot_r_lra', 0.0, 0.0, 0.0, 0.0, 0.0, 0.0, 1.0, 1.0, 1.0]
['hand_l_lra', 0.0, 0.0, 0.0, 0.0, 0.0, 0.0, 1.0, 1.0, 1.0]
['hand_r_lra', 0.0, 0.0, 0.0, 0.0, 0.0, 0.0, 1.0, 1.0, 1.0]
['head_lra', -5.6843418860808015e-14, 8.8817841970012523e-16, 0.0, -3.531125038440126e-31, -1.2722218725854073e-14, 0.0, 1.0000000000000002, 1.0000000000000002, 1.0]
['hood_01_lra', 0.0, 0.0, 0.0, 0.0, 0.0, 0.0, 1.0, 1.0, 1.0]
['hood_02_lra', 0.0, 0.0, 0.0, 0.0, 0.0, 0.0, 1.0, 1.0, 1.0]
['hood_03_lra', 0.0, 0.0, 0.0, 0.0, 0.0, 0.0, 1.0, 1.0, 1.0]
['index_01_l_lra', 8.5265128291212022e-14, 2.8421709430404007e-14, -3.5527136788005009e-15, 1.9083328088781101e-14, -4.7708320221952752e-15, -3.1805546814635168e-15, 1.0, 1.0, 1.0000000000000002]
['index_01_r_lra', 0.0, 0.0, 0.0, 0.0, 0.0, 0.0, 1.0, 1.0, 1.0]
['index_02_l_lra', 5.6843418860808015e-14, 2.8421709430404007e-14, 0.0, 1.3517357396219947e-14, -6.361109362927032e-15, 9.5416640443905471e-15, 1.0000000000000002, 1.0, 1.0000000000000002]
['index_02_r_lra', 0.0, 0.0, 0.0, 0.0, 0.0, 0.0, 1.0, 1.0, 1.0]
['index_03_l_lra', 2.8421709430404007e-14, 0.0, 3.5527136788005009e-15, 1.1927080055488182e-15, 7.9513867036587888e-15, -3.1805546814635152e-15, 1.0000000000000004, 1.0000000000000004, 1.0000000000000004]
['index_03_r_lra', 0.0, 0.0, 0.0, 0.0, 0.0, 0.0, 1.0, 1.0, 1.0]
['index_distal_phalange_l_lra', 0.0, 0.0, 0.0, 0.0, 0.0, 0.0, 1.0, 1.0, 1.0]
['index_distal_phalange_r_lra', 0.0, 0.0, 0.0, 0.0, 0.0, 0.0, 1.0, 1.0, 1.0]
['index_metacarpal_l_lra', 0.0, 0.0, 0.0, 0.0, 0.0, 0.0, 1.0, 1.0, 1.0]
['index_metacarpal_r_lra', 2.8421709430404007e-14, -2.8421709430404007e-14, 3.1086244689504383e-15, -2.9022561468354581e-14, 7.1562480332929104e-15, 3.1805546814635152e-15, 1.0000000000000004, 1.0000000000000004, 1.0000000000000004]
['index_metatarsal_l_lra', 0.0, 0.0, 0.0, 0.0, 0.0, 0.0, 1.0, 1.0, 1.0]
['index_metatarsal_r_lra', 0.0, 0.0, 0.0, 0.0, 0.0, 0.0, 1.0, 1.0, 1.0]
['index_middle_phalange_l_lra', 0.0, 0.0, 0.0, 0.0, 0.0, 0.0, 1.0, 1.0, 1.0]
['index_middle_phalange_r_lra', 0.0, 0.0, 0.0, 0.0, 0.0, 0.0, 1.0, 1.0, 1.0]
['index_proximal_phalange_l_lra', 0.0, 0.0, 0.0, 0.0, 0.0, 0.0, 1.0, 1.0, 1.0]
['index_proximal_phalange_r_lra', 0.0, 0.0, 0.0, 0.0, 0.0, 0.0, 1.0, 1.0, 1.0]
['jaw_lra', 0.0, 0.0, 0.0, 0.0, 0.0, 0.0, 1.0, 1.0, 1.0]
['lowerarm_l_lra', 2.8421709430404007e-14, 7.1054273576010019e-15, -2.8421709430404007e-14, -1.1927080055488188e-15, -3.1805546814635168e-15, 1.5902773407317584e-15, 1.0, 1.0, 0.99999999999999989]
['lowerarm_r_lra', 0.0, 0.0, 0.0, 0.0, 0.0, 0.0, 1.0, 1.0, 1.0]
['lowerarm_twist_01_l_lra', 0.0, 0.0, 0.0, 0.0, 0.0, 0.0, 1.0, 1.0, 1.0]
['lowerarm_twist_01_r_lra', 0.0, 0.0, 0.0, 0.0, 0.0, 0.0, 1.0, 1.0, 1.0]
['middle_01_l_lra', 0.0, 0.0, 0.0, 0.0, 0.0, 0.0, 1.0, 1.0, 1.0]
['middle_01_r_lra', 0.0, 0.0, 0.0, 0.0, 0.0, 0.0, 1.0, 1.0, 1.0]
['middle_02_l_lra', 0.0, 0.0, 0.0, 0.0, 0.0, 0.0, 1.0, 1.0, 1.0]
['middle_02_r_lra', 0.0, 0.0, 0.0, 0.0, 0.0, 0.0, 1.0, 1.0, 1.0]
['middle_03_l_lra', 1.4210854715202004e-13, 2.8421709430404007e-14, 0.0, -7.3550327008843819e-15, -9.9392333795734934e-15, 0.0, 0.99999999999999978, 1.0, 1.0]
['middle_03_r_lra', 0.0, 0.0, 0.0, 0.0, 0.0, 0.0, 1.0, 1.0, 1.0]
['middle_distal_phalange_l_lra', 0.0, 0.0, 0.0, 0.0, 0.0, 0.0, 1.0, 1.0, 1.0]
['middle_distal_phalange_r_lra', 0.0, 0.0, 0.0, 0.0, 0.0, 0.0, 1.0, 1.0, 1.0]
['middle_metacarpal_l_lra', 0.0, 0.0, 0.0, 0.0, 0.0, 0.0, 1.0, 1.0, 1.0]
['middle_metacarpal_r_lra', 0.0, 0.0, 0.0, 0.0, 0.0, 0.0, 1.0, 1.0, 1.0]
['middle_metatarsal_l_lra', 0.0, 0.0, 0.0, 0.0, 0.0, 0.0, 1.0, 1.0, 1.0]
['middle_metatarsal_r_lra', 0.0, 0.0, 0.0, 0.0, 0.0, 0.0, 1.0, 1.0, 1.0]
['middle_middle_phalange_l_lra', 0.0, 0.0, 0.0, 0.0, 0.0, 0.0, 1.0, 1.0, 1.0]
['middle_middle_phalange_r_lra', 0.0, 0.0, 0.0, 0.0, 0.0, 0.0, 1.0, 1.0, 1.0]
['middle_proximal_phalange_l_lra', 0.0, 0.0, 0.0, 0.0, 0.0, 0.0, 1.0, 1.0, 1.0]
['middle_proximal_phalange_r_lra', 0.0, 0.0, 0.0, 0.0, 0.0, 0.0, 1.0, 1.0, 1.0]
['neck_01_lra', 0.0, 0.0, 0.0, 0.0, 0.0, 0.0, 1.0, 1.0, 1.0]
['pelvis_lra', 0.0, 0.0, 0.0, 0.0, 0.0, 0.0, 1.0, 1.0, 1.0]
['pinky_01_l_lra', 0.0, 0.0, 0.0, -1.1927080055488186e-14, 3.1805546814635168e-15, -6.3611093629270335e-15, 1.0, 1.0000000000000002, 1.0000000000000002]
['pinky_01_r_lra', 0.0, 0.0, 0.0, 0.0, 0.0, 0.0, 1.0, 1.0, 1.0]
['pinky_02_l_lra', 0.0, 0.0, 0.0, 0.0, 0.0, 0.0, 1.0, 1.0, 1.0]
['pinky_02_r_lra', 0.0, 0.0, 0.0, 0.0, 0.0, 0.0, 1.0, 1.0, 1.0]
['pinky_03_l_lra', 0.0, 0.0, 0.0, 0.0, 0.0, 0.0, 1.0, 1.0, 1.0]
['pinky_03_r_lra', 0.0, 0.0, 0.0, 0.0, 0.0, 0.0, 1.0, 1.0, 1.0]
['pinky_distal_phalange_l_lra', 0.0, 0.0, 0.0, 0.0, 0.0, 0.0, 1.0, 1.0, 1.0]
['pinky_distal_phalange_r_lra', 0.0, 0.0, 0.0, 0.0, 0.0, 0.0, 1.0, 1.0, 1.0]
['pinky_metacarpal_l_lra', 0.0, 0.0, 0.0, 0.0, 0.0, 0.0, 1.0, 1.0, 1.0]
['pinky_metacarpal_r_lra', 0.0, 0.0, 0.0, 0.0, 0.0, 0.0, 1.0, 1.0, 1.0]
['pinky_metatarsal_l_lra', 0.0, 0.0, 0.0, 0.0, 0.0, 0.0, 1.0, 1.0, 1.0]
['pinky_metatarsal_r_lra', 0.0, 0.0, 0.0, 0.0, 0.0, 0.0, 1.0, 1.0, 1.0]
['pinky_middle_phalange_l_lra', 0.0, 0.0, 0.0, 0.0, 0.0, 0.0, 1.0, 1.0, 1.0]
['pinky_middle_phalange_r_lra', 0.0, 0.0, 0.0, 0.0, 0.0, 0.0, 1.0, 1.0, 1.0]
['pinky_proximal_phalange_l_lra', 0.0, 0.0, 0.0, 0.0, 0.0, 0.0, 1.0, 1.0, 1.0]
['pinky_proximal_phalange_r_lra', 0.0, 0.0, 0.0, 0.0, 0.0, 0.0, 1.0, 1.0, 1.0]
['ring_01_l_lra', 5.6843418860808015e-14, 0.0, -3.5527136788005009e-15, -5.9635400277440935e-15, 9.1440947092076103e-15, -9.5416640443905503e-15, 1.0, 1.0, 1.0]
['ring_01_r_lra', 0.0, 0.0, 0.0, 0.0, 0.0, 0.0, 1.0, 1.0, 1.0]
['ring_02_l_lra', 0.0, 0.0, 0.0, 0.0, 0.0, 0.0, 1.0, 1.0, 1.0]
['ring_02_r_lra', 0.0, 0.0, 0.0, 0.0, 0.0, 0.0, 1.0, 1.0, 1.0]
['ring_03_l_lra', 0.0, 0.0, 0.0, 0.0, 0.0, 0.0, 1.0, 1.0, 1.0]
['ring_03_r_lra', 0.0, 0.0, 0.0, 0.0, 0.0, 0.0, 1.0, 1.0, 1.0]
['ring_distal_phalange_l_lra', 0.0, 0.0, 0.0, 0.0, 0.0, 0.0, 1.0, 1.0, 1.0]
['ring_distal_phalange_r_lra', 0.0, 0.0, 0.0, 0.0, 0.0, 0.0, 1.0, 1.0, 1.0]
['ring_metacarpal_l_lra', 0.0, 0.0, 0.0, 0.0, 0.0, 0.0, 1.0, 1.0, 1.0]
['ring_metacarpal_r_lra', 0.0, 0.0, 0.0, 0.0, 0.0, 0.0, 1.0, 1.0, 1.0]
['ring_metatarsal_l_lra', 0.0, 0.0, 0.0, 0.0, 0.0, 0.0, 1.0, 1.0, 1.0]
['ring_metatarsal_r_lra', 0.0, 0.0, 0.0, 0.0, 0.0, 0.0, 1.0, 1.0, 1.0]
['ring_middle_phalange_l_lra', 0.0, 0.0, 0.0, 0.0, 0.0, 0.0, 1.0, 1.0, 1.0]
['ring_middle_phalange_r_lra', 0.0, 0.0, 0.0, 0.0, 0.0, 0.0, 1.0, 1.0, 1.0]
['ring_proximal_phalange_l_lra', 0.0, 0.0, 0.0, 0.0, 0.0, 0.0, 1.0, 1.0, 1.0]
['ring_proximal_phalange_r_lra', 0.0, 0.0, 0.0, 0.0, 0.0, 0.0, 1.0, 1.0, 1.0]
['root_lra', 0.0, 0.0, 0.0, 0.0, 0.0, 0.0, 1.0, 1.0, 1.0]
['spine_01_lra', 0.0, 0.0, 0.0, 0.0, 0.0, 0.0, 1.0, 1.0, 1.0]
['spine_02_lra', 0.0, 0.0, 0.0, 0.0, 0.0, 0.0, 1.0, 1.0, 1.0]
['spine_03_lra', 0.0, 0.0, 0.0, 0.0, 0.0, 0.0, 1.0, 1.0, 1.0]
['thigh_l_lra', 0.0, 0.0, 0.0, 0.0, 0.0, 0.0, 1.0, 1.0, 1.0]
['thigh_r_lra', 0.0, 0.0, 0.0, 0.0, 0.0, 0.0, 1.0, 1.0, 1.0]
['thigh_twist_01_l_lra', 0.0, 0.0, 0.0, 0.0, 0.0, 0.0, 1.0, 1.0, 1.0]
['thigh_twist_01_r_lra', 0.0, 0.0, 0.0, 0.0, 0.0, 0.0, 1.0, 1.0, 1.0]
['thumb_01_l_lra', 0.0, -2.8421709430404007e-14, 7.1054273576010019e-15, 1.590277340731758e-15, 1.5902773407317576e-15, -1.5902773407317578e-14, 1.0000000000000004, 1.0000000000000002, 1.0000000000000007]
['thumb_01_r_lra', 0.0, 0.0, 0.0, 0.0, 0.0, 0.0, 1.0, 1.0, 1.0]
['thumb_02_l_lra', -2.8421709430404007e-14, -2.8421709430404007e-14, 7.1054273576010019e-15, -1.7493050748049341e-14, 1.5902773407317584e-15, -3.1805546814635168e-15, 1.0, 1.0, 1.0]
['thumb_02_r_lra', 0.0, 0.0, 0.0, 0.0, 0.0, 0.0, 1.0, 1.0, 1.0]
['thumb_03_l_lra', 2.8421709430404007e-14, 0.0, 7.1054273576010019e-15, -3.180554681463516e-15, 1.1131941385122302e-14, 6.3611093629270304e-15, 1.0000000000000004, 1.0000000000000002, 1.0000000000000004]
['thumb_03_r_lra', 0.0, 0.0, 0.0, 0.0, 0.0, 0.0, 1.0, 1.0, 1.0]
['upperarm_l_lra', 0.0, 0.0, 0.0, 0.0, 0.0, 0.0, 1.0, 1.0, 1.0]
['upperarm_r_lra', 0.0, 0.0, 0.0, 0.0, 0.0, 0.0, 1.0, 1.0, 1.0]
['upperarm_twist_01_l_lra', 0.0, 0.0, 0.0, 0.0, 0.0, 0.0, 1.0, 1.0, 1.0]
['upperarm_twist_01_r_lra', 0.0, 0.0, 0.0, 0.0, 0.0, 0.0, 1.0, 1.0, 1.0]
