['back_pack_mover', 1.3883951931889808e-28, 62.99754022536695, 6.971491629911284, 4.087509727349452e-15, 9.516888758061155e-15, -1.7362474069525192e-12, 0.7269645635573049, 0.7269645635573049, 0.7269645635573049]
['ball_mover_l', 3.77250769884537, 1.5240604553592303, -1.7745525898799812, 1.16280210163723e-16, 4.8143754317207375, -4.456249617432295e-14, 1.0, 1.0, 1.0]
['ball_mover_r', -3.772507667541727, -1.5240604877478428, 1.7745525836984513, 1.2258331100793888e-16, 4.814375431720768, 1.0441444172062994e-12, 1.0, 1.0, 1.0]
['bigtoe_distal_phalange_mover_l', -4.973799150320701e-14, 1.687538997430238e-14, 8.526512829121202e-14, 0.0, 0.0, -6.3611093629270335e-15, 1.0, 1.0, 1.0]
['bigtoe_distal_phalange_mover_r', -3.552713678800501e-14, -3.410605131648481e-13, 1.2612133559741778e-13, 0.0, 0.0, 2.0912147030622624e-12, 1.0, 1.0, 1.0]
['bigtoe_metatarsal_mover_l', 1.2434497875801753e-14, -1.7763568394002505e-15, 1.4921397450962104e-13, -2.7829853462805764e-15, 4.8453762725420764e-15, 1.3691293980362482e-14, 1.0, 1.0, 1.0]
['bigtoe_metatarsal_mover_r', -1.2079226507921703e-13, 1.298516849601583e-12, -1.765698698363849e-12, 1.1490996190959401e-11, 9.104337775689315e-13, 2.3854160111889336e-15, 1.0, 1.0, 1.0]
['bigtoe_proximal_phalange_mover_l', -1.4210854715202004e-14, -1.4210854715202004e-14, 6.750155989720952e-14, -7.976234787107727e-15, -1.0436195048552164e-14, 9.007430250238477e-15, 1.0, 1.0, 1.0]
['bigtoe_proximal_phalange_mover_r', -9.947598300641403e-14, 1.5045742429720121e-12, -9.379164112033322e-13, 1.1117554344805417e-11, 2.0872390097102285e-12, 2.1044463074990218e-12, 1.0, 1.0, 1.0]
['bottle_01_mover', 28.43227048754794, 60.10637061480389, -14.272895906786673, -56.81316280399746, 9.753241651606034, 6.299408838427171, 1.0, 1.0, 1.0]
['bottle_02_mover', 4.940632156617724, 49.666371809144835, -2.1464999608422772, -24.67729768391988, 8.701618958412972, 18.22510832565249, 1.0, 1.0, 1.0]
['bottle_sack_mover', -63.93135432115724, 8.20794386196377, -13.740842349099182, 4.087509727349452e-15, 9.516888758061155e-15, -1.7362474069525192e-12, 0.6825484358704883, 0.6825484358704883, 0.6825484358704883]
['bottle_throw_mover', -23.051020493796003, 45.65887543248965, 12.68653835381292, 12.752353084767215, -10.935458703880528, -1.94597746722583, 1.0, 1.0, 1.0]
['calf_mover_l', 13.637548834205148, 1.9716255304969863, 0.18026548038755763, 0.4620764654254757, -0.5926007559167272, -33.83313839145574, 1.0, 1.0, 1.0]
['calf_mover_r', -13.63754844665523, -1.9716255664825866, -0.1802654862404509, 0.4620764654294533, -0.5926007559135309, -33.833138391455655, 1.0, 1.0, 1.0]
['clavicle_mover_l', 20.74009403231004, -47.27357410086092, 13.855090456785632, 93.03721738815045, 185.54739926363231, 160.91887083753872, 1.0, 1.0, 1.0]
['clavicle_mover_r', -20.740093231201957, 47.27357321287093, -13.855090496368149, -86.96278261184958, -5.547399263632355, -19.081129162461384, 1.0, 1.0, 1.0]
['dispencer_base_mover', 1.0363293652161658e-13, -206.32081152023858, 44.01057606442052, 4.087509727349452e-15, 9.516888758061155e-15, -1.7362474069525192e-12, 0.17265093279164392, 0.17265093279164392, 0.17265093279164392]
['dispencer_clip_bl_mover', 149.6116523743134, 133.2104738601703, -134.05308973907577, 0.0, 124.9999999999996, 0.0, 1.0, 1.0, 1.0]
['dispencer_clip_br_mover', -150.09980748377848, 133.21047386017094, -134.39498665082465, 0.0, 235.0, 0.0, 1.0, 1.0, 1.0]
['dispencer_clip_fl_mover', 146.6117706018604, 133.2104738601694, 129.3376987816539, 0.0, 59.99999999999997, 0.0, 1.0, 1.0, 1.0]
['dispencer_clip_fr_mover', -147.69000950694667, 133.21047386017088, 129.7911541145693, 0.0, -60.00000000000039, 0.0, 1.0, 1.0, 1.0]
['dispencer_door_bott_bk_mover', 4.650302006103611e-05, 117.96654894320258, -194.10441667296095, 0.0, 0.0, 0.0, 1.0, 1.0, 1.0]
['dispencer_door_bott_fr_mover', 3.2415310184899224e-05, 117.7679104279774, 186.38386684892552, 0.0, 0.0, 0.0, 1.0, 1.0, 1.0]
['dispencer_door_mid_bk_mover', 4.650302011154943e-05, 130.5722510054986, -194.10441667296098, 0.0, 0.0, 0.0, 1.0, 1.0, 1.0]
['dispencer_door_mid_fr_mover', 3.241531352964542e-05, 130.83352697945836, 186.38386684892552, 0.0, 0.0, 0.0, 1.0, 1.0, 1.0]
['dispencer_door_top_bk_mover', 4.650302016162415e-05, 143.06847992327513, -194.10441667296072, 0.0, 0.0, 0.0, 1.0, 1.0, 1.0]
['dispencer_door_top_fr_mover', 3.2415313578673025e-05, 143.0684523047067, 186.38386684892575, 0.0, 0.0, 0.0, 1.0, 1.0, 1.0]
['dispencer_handle_mover', -5.669045935897312e-28, -172.7785043903603, 30.202060980486483, 0.0, 0.0, 0.0, 1.0, 1.0, 1.0]
['dispencer_plug_mover', 2.3360588872393458e-14, -165.77185791280004, -91.21102383091724, 0.0, 0.0, 0.0, 1.0, 1.0, 1.0]
['dispencer_top_mover', -6.651798774369239e-14, 149.2025612223369, -2.5083604219195514e-13, 0.0, 0.0, 0.0, 1.0, 1.0, 1.0]
['eyeball_l_mover', 32.365131299663105, -138.83785023421885, 13.188884528963484, -262.88513648081357, -2.620288388290506, 56.138060056741146, 0.44759728364174967, 0.44759728364174967, 0.44759728364174967]
['eyeball_r_mover', -32.36513137817377, 138.8378448486328, -13.188884735107337, 97.11486816406256, -2.620288372039838, 56.138061523437784, 0.44759728364174967, 0.44759728364174967, 0.44759728364174967]
['foot_mover_l', 22.51414704280961, -3.246758264844374, 0.37655151480327476, -18.536999236346418, 2.9889364692111173, 10.797167326172131, 1.0, 1.0, 1.0]
['foot_mover_r', -22.514146804809627, 3.2467582225809473, -0.3765515088987499, -18.53699923635133, 2.9889364692112403, 10.797167326169946, 1.0, 1.0, 1.0]
['gums_bottom_mover', 0.8890171960180006, -66.53617618196017, 205.29045246465714, 0.0, 0.0, 0.0, 1.0, 1.0, 1.0]
['gums_top_mover', 3.430871940227382e-14, -88.40026453141479, 8.761233836525207, 3.6576378836830454e-14, -9.572724148701627e-15, -2.7829853462805764e-13, 1.0, 1.0, 1.0]
['hand_mid_pivot_mover_l', 0.0, 0.0, 0.0, 0.0, 0.0, 0.0, 1.0, 1.0, 1.0]
['hand_mid_pivot_mover_r', 0.0, 0.0, 0.0, 0.0, 0.0, 0.0, 1.0, 1.0, 1.0]
['hand_mover_l', -30.32173323516328, 1.7467021334480677, 3.0163072040068073e-09, 70.85647320531511, -5.059771440513179, 2.395502471851896, 1.0, 1.0, 1.0]
['hand_mover_r', 30.32173347473163, -1.746702075004535, -3.016287664081574e-09, 70.8564732053151, -5.059771440513201, 2.3955024718518545, 1.0, 1.0, 1.0]
['hand_pinky_pivot_mover_l', 0.0, 0.0, 0.0, 0.0, 0.0, 0.0, 1.0, 1.0, 1.0]
['hand_pinky_pivot_mover_r', -0.0, -0.0, -0.0, 0.0, 0.0, 0.0, 1.0, 1.0, 1.0]
['hand_thumb_pivot_mover_l', 0.0, 0.0, 0.0, 0.0, 0.0, 0.0, 1.0, 1.0, 1.0]
['hand_thumb_pivot_mover_r', 0.0, -0.0, -0.0, 0.0, -0.0, -0.0, 1.0, 1.0, 1.0]
['hand_tip_pivot_mover_l', 0.0, 0.0, 0.0, 0.0, 0.0, 0.0, 1.0, 1.0, 1.0]
['hand_tip_pivot_mover_r', -0.0, -0.0, -0.0, 0.0, 0.0, 0.0, 1.0, 1.0, 1.0]
['head_mover', -8.248982128253942, 1.863840833374942, -3.0514369129779234e-16, 0.0, 0.0, 69.27261549633656, 1.0, 1.0, 1.0]
['heel_l_mover', 3.8851196094214515, 28.171190705770947, -39.79213784259045, -88.18769272683127, -65.94904202912642, 91.37836284341819, 0.5841395278090062, 0.5841395278090062, 0.5841395278090062]
['heel_pivot_l_mover', -6.671343997175592, -3.684451425466554, 0.06967005304474651, 0.0, 0.0, 0.0, 1.0, 1.0, 1.0]
['heel_pivot_r_mover', -6.671343803405762, -3.6844513416290283, -0.06967005133628845, -0.0, -0.0, 0.0, 1.0, 1.0, 1.0]
['heel_r_mover', -3.885119676593959, -28.17119026184058, 39.792137145995824, -88.18768907798881, -65.94904325052843, 91.37836274858874, 0.5841395278090062, 0.5841395278090062, 0.5841395278090062]
['index_01_mover_l', -3.675417735839673, 2.1727125059902335, 1.2771703654605417, -1.3997206245237637, -10.54763658897834, 6.785357228414155, 1.0, 1.0, 1.0]
['index_01_mover_r', 3.6754176616668737, -2.172712564468412, -1.2771704196929683, -1.3997206245237264, -10.547636588978321, 6.785357228414167, 1.0, 1.0, 1.0]
['index_02_mover_l', 0.26816582471571593, 0.24613250126137132, 0.20040916392950336, -0.14966448954919429, -4.070395917383158, 3.15765910692666, 1.0, 1.0, 1.0]
['index_02_mover_r', -0.26816582679743206, -0.24613250792029362, -0.20040915906431422, -0.14966448955001863, -4.070395917383097, 3.1576591069266993, 1.0, 1.0, 1.0]
['index_03_mover_l', -0.0139623803507547, -0.18697846927227602, -0.3189771324881896, 0.2485094513174364, 2.892204588077082, -1.6999137387078875, 1.0, 1.0, 1.0]
['index_03_mover_r', -9.237055564881302e-14, 0.0, -7.105427357601002e-15, 0.24850945131821717, 2.892204588076931, -1.699913738707928, 1.0, 1.0, 1.0]
['index_distal_phalange_mover_l', -3.197442310920451e-14, -3.2862601528904634e-14, -6.750155989720952e-14, 4.264552321923251e-14, -2.5687617329406266e-15, -7.748764539347896e-15, 1.0, 1.0, 1.0]
['index_distal_phalange_mover_r', -3.552713678800501e-15, -1.4477308241112041e-13, 3.197442310920451e-14, 2.2272703839869016e-12, 2.0262244225058506e-13, 2.0882809969510864e-12, 1.0, 1.0, 1.0]
['index_metacarpal_mover_l', -0.18280395488756973, -3.204985860776901, 1.7087214227728322, 0.05961559365749359, 0.3825311426988722, 17.715956884021928, 1.0, 1.0, 1.0]
['index_metacarpal_mover_r', 0.18280395865446586, 3.204985857009831, -1.7087213993072576, 0.059615593657500375, 0.3825311426988904, 17.715956884021885, 1.0, 1.0, 1.0]
['index_metatarsal_mover_l', -5.329070518200751e-15, -4.973799150320701e-14, 3.552713678800501e-15, 2.0524516928819258e-14, -3.3265371717260047e-15, 1.1548146782891948e-14, 1.0, 1.0, 1.0]
['index_metatarsal_mover_r', 2.877698079828406e-13, -1.5987211554602254e-13, -3.3928415632544784e-12, 2.2265125174417105e-12, 2.0976130845499546e-13, 2.0997189596226636e-12, 1.0, 1.0, 1.0]
['index_middle_phalange_mover_l', -1.7763568394002505e-14, 1.5987211554602254e-14, 3.552713678800501e-14, -1.3498721333633246e-14, -4.406200305384344e-15, -4.698061255920447e-15, 1.0, 1.0, 1.0]
['index_middle_phalange_mover_r', 7.105427357601002e-15, -1.5987211554602254e-13, 6.750155989720952e-14, 2.2373959779923467e-12, 4.0414483092523775e-13, 2.071304216665182e-12, 1.0, 1.0, 1.0]
['index_proximal_phalange_mover_l', 0.0, -4.884981308350689e-14, -3.552713678800501e-15, 5.565970692561154e-15, 1.3812428387176034e-14, 2.4723843031689065e-15, 1.0, 1.0, 1.0]
['index_proximal_phalange_mover_r', 2.5579538487363607e-13, -7.496225862269057e-13, -3.346656285430072e-12, 2.1841962313281766e-12, 2.304970340931312e-13, 2.109765350362111e-12, 1.0, 1.0, 1.0]
['inside_pivot_l_mover', 6.938448179213772, -6.810371857852189, 4.16684129068896, 0.0, -5.1301825443165, 0.0, 1.0, 1.0, 1.0]
['inside_pivot_r_mover', 6.938447952270508, -6.8103718757629395, -4.166841506958008, -0.0, 5.13018274307251, 0.0, 1.0, 1.0, 1.0]
['jaw_mover', -0.3681894621411476, -9.997500188026933, -10.380980241884913, 90.0000000000003, 7.520066275067253e-15, -2.8035088197420987e-13, 0.4141533637259832, 0.4141533637259832, 0.4141533637259832]
['lowerarm_mover_l', -12.870562518076142, -1.9365407131916257, 0.32658445297296623, -1.0479672635239694, 1.0002954261858932, -30.610789959545194, 1.0, 1.0, 1.0]
['lowerarm_mover_r', 12.87056255340569, 1.936540722846967, -0.3265844583510926, -1.0479672635273354, 1.000295426183926, -30.61078995954509, 1.0, 1.0, 1.0]
['lowerarm_twist_01_mover_l', -31.835892895798025, -2.6560711827791756, 1.8287570355604004, 0.0, 0.0, 0.0, 0.3205454174153336, 0.3205454174153336, 0.3205454174153336]
['lowerarm_twist_01_mover_r', 31.835893630981573, 2.6560711860659154, -1.8287570476519335, 0.0, 0.0, 0.0, 0.3205454174153336, 0.3205454174153336, 0.3205454174153336]
['middle_01_mover_l', -3.2545330246695414, 1.4100093816689139, 5.420170077938069, 0.10335338698698551, -0.8433168863470482, 13.172375665093451, 1.0, 1.0, 1.0]
['middle_01_mover_r', 3.2545330524441667, -1.410009384155444, -5.420170307157752, 0.10335338699086224, -0.8433168863462834, 13.172375665093888, 1.0, 1.0, 1.0]
['middle_02_mover_l', -1.0285449782856801, 0.20010551680826438, -0.20141395842620113, 0.08090796167159045, -1.8187340195782344, 2.62487446803234, 1.0, 1.0, 1.0]
['middle_02_mover_r', 1.0285450220108334, -0.20010551810250377, 0.20141395926477124, 0.08090796167159856, -1.8187340195782429, 2.624874468032362, 1.0, 1.0, 1.0]
['middle_03_mover_l', -0.020248962524059166, -0.1827564095919172, -0.36556891255045443, 0.22955289742835905, 2.9783152520477834, -1.4965830925576424, 1.0, 1.0, 1.0]
['middle_03_mover_r', 2.3092638912203256e-14, -1.4210854715202004e-13, 3.907985046680551e-14, 0.2295528974283512, 2.978315252047779, -1.4965830925577135, 1.0, 1.0, 1.0]
['middle_distal_phalange_mover_l', -1.3145040611561853e-13, -2.4868995751603507e-14, -1.0658141036401503e-14, -1.4592037005386333e-14, 1.1481471500021982e-15, 1.2757723156495505e-14, 1.0, 1.0, 1.0]
['middle_distal_phalange_mover_r', 1.4210854715202004e-14, -1.723066134218243e-13, 1.7763568394002505e-14, 2.1129816241635405e-12, 6.142525541111136e-13, 2.1479287028799676e-12, 1.0, 1.0, 1.0]
['middle_metacarpal_mover_l', 0.0777417221627843, -3.3407743648235453, 1.4346649737462194, -1.8630936322765947, -13.106302162401299, 16.112777288150117, 1.0, 1.0, 1.0]
['middle_metacarpal_mover_r', -0.07774171978253719, 3.3407742977139208, -1.4346649646743934, -1.8630936322725948, -13.106302162400738, 16.112777288149687, 1.0, 1.0, 1.0]
['middle_metatarsal_mover_l', 5.329070518200751e-15, -3.907985046680551e-14, -1.7763568394002505e-14, 8.845917707820405e-15, 5.326807889365156e-16, 1.4355786086969513e-14, 1.0, 1.0, 1.0]
['middle_metatarsal_mover_r', 1.545430450278218e-13, -3.8546943414985435e-13, -3.339550858072471e-12, 2.2886203020223194e-12, 1.8720701370944161e-13, 2.0340643052553704e-12, 1.0, 1.0, 1.0]
['middle_middle_phalange_mover_l', 1.7763568394002505e-14, -1.5987211554602254e-14, 1.0302869668521453e-13, 2.0400276511574585e-14, -2.7749223346498995e-14, 7.130909859088522e-15, 1.0, 1.0, 1.0]
['middle_middle_phalange_mover_r', 2.4868995751603507e-14, -1.5010215292932116e-13, -1.0658141036401503e-14, 2.1761252632229187e-12, 1.780304144462109e-13, 2.1693892376771187e-12, 1.0, 1.0, 1.0]
['middle_proximal_phalange_mover_l', -7.105427357601002e-15, 2.6645352591003757e-15, 3.197442310920451e-14, 1.6325190825949456e-14, -1.843145414955048e-14, 7.226133267993035e-15, 1.0, 1.0, 1.0]
['middle_proximal_phalange_mover_r', 2.4158453015843406e-13, -8.757439218243235e-13, -3.289812866569264e-12, 2.164323976589886e-12, -4.605398141612043e-14, 2.1829879932704663e-12, 1.0, 1.0, 1.0]
['muscle_belly_mover', -1.1892118800416895e-14, -71.9244605349794, -0.782515785125381, -3.3011172777964433, -1.0505625181734223e-14, 3.8286357861521305e-14, 1.0, 1.0, 1.0]
['muscle_jowles_mover', 0.8890171960177171, -207.68582136495723, 194.51346845448333, 0.0, 0.0, 0.0, 1.0, 1.0, 1.0]
['muscle_tail_bott_mover', 0.4662470076650689, -4.811530241230486, -40.7523842420523, 0.0, 0.0, 0.0, 0.6221180514833131, 0.6221180514833131, 0.6221180514833131]
['muscle_thigh_l_mover', 18.176784025251692, -4.33769325517909, -7.3024243128676005, -1.0714493583180223e-13, -2.8283330985748796e-14, 1.7890620083232306e-14, 0.7137277768146099, 0.7137277768146099, 0.7137277768146099]
['muscle_thigh_r_mover', -18.176784515380852, 4.337693214416504, 7.302424430847196, 1.3716142063811594e-14, -4.733559897021373e-15, -4.20727748957346e-12, 0.7137277768146099, 0.7137277768146099, 0.7137277768146099]
['neck_01_mover', -30.96623331581018, -12.028561527302216, 1.8579144905875727e-12, 0.0, 0.0, 23.50807562014498, 1.0, 1.0, 1.0]
['outside_pivot_l_mover', 7.685797847375806, -6.7859102772349535, -11.786555624972019, 0.0, 6.608051468371152, 0.0, 1.0, 1.0, 1.0]
['outside_pivot_r_mover', 7.685797691345215, -6.785910129547119, 11.786555290222168, -0.0, -6.608051300048828, 0.0, 1.0, 1.0, 1.0]
['pelvis_mover', -33.159327561292855, 41.266354608220226, -1.4412693028523822e-15, -9.830553927335822e-15, 8.0735290967128e-15, -89.99999999999999, 1.0, 1.0, 1.0]
['pinky_01_mover_l', 0.5285230945809047, -3.461318928498912, 0.9823519844403776, 0.0014470221450855727, 0.12165074902065214, 1.3629723007164396, 1.0, 1.0, 1.0]
['pinky_01_mover_r', 8.526512829121202e-14, 0.0, 1.7124079931818414e-12, 0.001447022148695999, 0.12165074902230208, 1.362972300716249, 1.0, 1.0, 1.0]
['pinky_02_mover_l', 0.0023487458508810732, -0.19575880831254722, 0.019004520771673583, -0.08720875179837548, -0.9013112435397213, 8.457310616149378, 1.0, 1.0, 1.0]
['pinky_02_mover_r', 2.842170943040401e-14, 2.842170943040401e-14, -2.842170943040401e-14, -0.08720875179839699, -0.9013112435396713, 8.45731061614939, 1.0, 1.0, 1.0]
['pinky_03_mover_l', -0.16987890424429075, -1.019149133340619, -0.0803987360822731, -0.06620788512532988, 0.7707690507406241, -9.81899108315922, 1.0, 1.0, 1.0]
['pinky_03_mover_r', -1.616484723854228e-13, 0.0, 2.842170943040401e-14, -0.06620788512528716, 0.7707690507406025, -9.818991083159256, 1.0, 1.0, 1.0]
['pinky_distal_phalange_mover_l', -6.394884621840902e-14, 3.197442310920451e-14, -2.842170943040401e-14, -6.858071031905708e-15, 3.727212517340058e-15, -1.091296764972858e-14, 1.0, 1.0, 1.0]
['pinky_distal_phalange_mover_r', -1.0658141036401503e-14, -8.79296635503124e-14, 6.394884621840902e-14, 2.4763103003538416e-12, 2.6975700594244784e-13, 1.8004331125115523e-12, 1.0, 1.0, 1.0]
['pinky_metacarpal_mover_l', 0.26294656148947126, -3.5168887957773904, 0.8873742409220089, -0.0008856115063069323, -1.7614283732049998, 0.05761095560209934, 1.0, 1.0, 1.0]
['pinky_metacarpal_mover_r', -0.26294657588017856, 3.5168888568878742, -0.8873742222770691, -0.0008856115026798051, -1.761428373203412, 0.0576109556021984, 1.0, 1.0, 1.0]
['pinky_metatarsal_mover_l', -4.973799150320701e-14, -2.1316282072803006e-14, -7.815970093361102e-14, 6.100204486713229e-15, -2.2844706720863443e-15, 7.400069852135574e-16, 1.0, 1.0, 1.0]
['pinky_metatarsal_mover_r', 4.440892098500626e-14, -7.620570841027074e-13, -3.19033688356285e-12, 2.349964008036875e-12, 2.0975664943934928e-13, 1.966991368874969e-12, 1.0, 1.0, 1.0]
['pinky_middle_phalange_mover_l', -4.973799150320701e-14, -1.0658141036401503e-14, 3.552713678800501e-14, 0.0, 0.0, 1.5902773407317584e-14, 1.0, 1.0, 1.0]
['pinky_middle_phalange_mover_r', 4.263256414560601e-14, -9.414691248821327e-14, -7.105427357601002e-15, 1.7572954320373743e-07, -5.878004241774383e-07, 1.956584987503107e-12, 1.0, 1.0, 1.0]
['pinky_proximal_phalange_mover_l', -7.105427357601002e-15, -1.2878587085651816e-14, 1.4210854715202004e-14, -7.007159532599309e-15, 5.121277355368615e-15, 1.7546047051030263e-15, 1.0, 1.0, 1.0]
['pinky_proximal_phalange_mover_r', -8.881784197001252e-14, -1.0347278589506459e-12, -3.26139115713886e-12, 2.370917154405184e-12, 2.414486327435597e-15, 1.9706593730684614e-12, 1.0, 1.0, 1.0]
['ring_01_mover_l', 0.2414523176497667, -3.4477779119552565, 1.1311980617221593, 0.007842450250262353, -0.9052272882025804, -0.9927179103445626, 1.0, 1.0, 1.0]
['ring_01_mover_r', 1.4210854715202004e-14, -3.694822225952521e-13, 1.744382416291046e-12, 0.007842450253896802, -0.9052272882009046, -0.9927179103444767, 1.0, 1.0, 1.0]
['ring_02_mover_l', 0.0026557502841200176, 0.167367146138389, -0.15263700601100183, 0.08686454991117473, 2.2358642494965206, 3.875118097502944, 1.0, 1.0, 1.0]
['ring_02_mover_r', 2.842170943040401e-14, 2.842170943040401e-14, 1.4210854715202004e-14, 0.08686454991113739, 2.2358642494964753, 3.875118097502949, 1.0, 1.0, 1.0]
['ring_03_mover_l', -0.005745542270659598, -0.32997926832939584, 0.15263700728196739, -0.03037105179186667, -1.3322507850519825, -2.880058164363006, 1.0, 1.0, 1.0]
['ring_03_mover_r', -5.684341886080802e-14, -2.842170943040401e-14, 4.263256414560601e-14, -0.030371051791823724, -1.3322507850519767, -2.8800581643630223, 1.0, 1.0, 1.0]
['ring_distal_phalange_mover_l', -2.4868995751603507e-14, -3.375077994860476e-14, 5.3290705182007514e-14, -2.5919657047668993e-15, 3.9767451113846795e-15, 7.558232932218682e-15, 1.0, 1.0, 1.0]
['ring_distal_phalange_mover_r', -3.552713678800501e-15, -1.2079226507921703e-13, 1.4210854715202004e-14, 2.219330644822365e-12, 5.176876905735378e-13, 2.0145730092315764e-12, 1.0, 1.0, 1.0]
['ring_metacarpal_mover_l', 0.16224352037194478, -3.4610841390891665, 1.1043796228500389, -0.004516879951638555, -0.9352083422658514, 0.5534413371640431, 1.0, 1.0, 1.0]
['ring_metacarpal_mover_r', -0.16224351525322334, 3.461084127425977, -1.104379653929163, -0.004516879948029473, -0.9352083422643092, 0.5534413371644124, 1.0, 1.0, 1.0]
['ring_metatarsal_mover_l', -2.6645352591003757e-14, 5.329070518200751e-15, 6.750155989720952e-14, -1.3765838230709283e-14, -5.739907276703689e-15, 1.6489809378798644e-14, 1.0, 1.0, 1.0]
['ring_metatarsal_mover_r', 2.469136006766348e-13, -6.3860028376439e-13, -3.382183422218077e-12, 2.2172441823152593e-12, 2.7019805942366476e-13, 2.0945723003383045e-12, 1.0, 1.0, 1.0]
['ring_middle_phalange_mover_l', -1.4210854715202004e-14, -8.881784197001252e-15, -5.3290705182007514e-14, -8.075627120903459e-15, 1.317414324358155e-14, 1.599090645330052e-14, 1.0, 1.0, 1.0]
['ring_middle_phalange_mover_r', 1.4210854715202004e-14, -1.474376176702208e-13, 1.0658141036401503e-14, 2.2721335986539562e-12, 4.1676447964720023e-13, 2.04935694173863e-12, 1.0, 1.0, 1.0]
['ring_proximal_phalange_mover_l', -6.039613253960852e-14, -1.3766765505351941e-14, 8.881784197001252e-14, 1.1293453927540379e-14, -1.6345379893751724e-15, 6.5925071400452286e-15, 1.0, 1.0, 1.0]
['ring_proximal_phalange_mover_r', 1.2079226507921703e-13, -9.583445148564351e-13, -3.282707439211663e-12, 2.2554170505136776e-12, -5.793718907426906e-14, 2.092079726967327e-12, 1.0, 1.0, 1.0]
['root_mover', 0.0, 0.0, 0.0, 0.0, 0.0, 0.0, 0.4, 0.4, 0.4]
['spine_01_mover', -1.438572559851245, 6.423014205647725, -1.0802825547427089e-16, 0.0, 0.0, 9.341368737886484, 1.0, 1.0, 1.0]
['spine_02_mover', -6.226472947513109, -0.8730957996911926, -1.4327181778762473e-16, 0.0, 0.0, -10.21626673874767, 1.0, 1.0, 1.0]
['spine_03_mover', -11.504711263075507, -0.03989168503574092, -1.7856161263358163e-12, 0.0, 0.0, 0.24067097359810635, 1.0, 1.0, 1.0]
['tail_01_mover', -1.2823091095029625e-14, 0.9355295654494, -16.45725519497544, -89.99999999999999, 1.0603644852810237e-14, -1.737829334348469e-12, 0.8967569088996262, 0.8967569088996262, 0.8967569088996262]
['tail_02_mover', -1.9948358157723927e-14, 35.99826977373503, -1.4210854715202004e-13, 0.0, 0.0, 0.0, 1.0, 1.0, 1.0]
['tail_03_mover', -1.9948358157722923e-14, 35.998269773735046, -2.2737367544323206e-13, 0.0, 0.0, 0.0, 1.0, 1.0, 1.0]
['tail_04_mover', -1.9948358157723264e-14, 35.99826977373499, 2.842170943040401e-14, 0.0, 0.0, 0.0, 1.0, 1.0, 1.0]
['tail_armor_01_mover', -3.049768701793701e-14, 48.462527101008305, -16.046191784642645, -89.99999999999999, 1.0603644852810237e-14, -1.737829334348469e-12, 0.3753095380076105, 0.3753095380076105, 0.3753095380076105]
['tail_armor_02_mover', -2.838763069272734e-14, 51.22755365800941, -2.2737367544323206e-13, 0.0, 0.0, 0.0, 1.0, 1.0, 1.0]
['tail_armor_03_mover', -9.821254600143463e-15, 17.72317149196647, 0.0, 0.0, 0.0, 0.0, 1.0, 1.0, 1.0]
['thigh_mover_l', 22.620613073699424, -5.2527447220036905, -35.73912816462692, 13.313261611284183, -2.279324391843512, 112.25529275943589, 1.0, 1.0, 1.0]
['thigh_mover_r', -22.620613098144553, 5.252744674682619, 35.73912811279301, 13.313261611284155, -2.2793243918435047, 112.25529275943586, 1.0, 1.0, 1.0]
['thigh_twist_01_mover_l', 8.526512829121202e-13, -1.4210854715202004e-14, -1.4210854715202004e-14, 0.0, 0.0, 0.0, 0.623338008688264, 0.623338008688264, 0.623338008688264]
['thigh_twist_01_mover_r', -7.105427357601002e-13, -4.263256414560601e-14, -3.552713678800501e-14, 0.0, 0.0, 0.0, 0.623338008688264, 0.623338008688264, 0.623338008688264]
['thigh_twist_02_mover_l', 9.094947017729282e-13, 1.8429702208777599e-13, -1.4210854715202004e-14, 0.0, 0.0, 0.0, 0.5717318955152753, 0.5717318955152753, 0.5717318955152753]
['thigh_twist_02_mover_r', -8.526512829121202e-13, -1.9895196601282805e-13, -2.842170943040401e-14, 0.0, 0.0, 0.0, 0.5717318955152753, 0.5717318955152753, 0.5717318955152753]
['throttle_pivot_mover', -4.3397897149430416e-14, -26.96622698092854, 42.6876673061569, 92.14646408921844, 5.706088447052381e-15, -2.7832496323740305e-13, 0.6381027660815761, 0.6381027660815761, 0.6381027660815761]
['thumb_01_mover_l', 1.3453377215258797, 1.6401226041775203, 1.9727391145338515, 19.11713775778079, 13.13304878865607, -7.820400783101035, 1.0, 1.0, 1.0]
['thumb_01_mover_r', -1.3453377485286069, -1.6401226520533285, -1.9727391004554065, 19.117137757782697, 13.13304878865947, -7.82040078309957, 1.0, 1.0, 1.0]
['thumb_02_mover_l', 1.8985354991441739, 0.6770650483009995, 0.1560724637596067, -0.10923678170890648, -0.30057042488750524, 4.146962709251659, 1.0, 1.0, 1.0]
['thumb_02_mover_r', -1.898535490036025, -0.6770650744438178, -0.1560724675655507, -0.1092367589805242, -0.3005702816816321, 4.146962709132377, 1.0, 1.0, 1.0]
['thumb_03_mover_l', -0.0066636900657925935, -0.033555425679764994, 0.09797728524026184, -0.0756139087964922, -0.5915179414176738, -0.20736395313792494, 1.0, 1.0, 1.0]
['thumb_03_mover_r', 2.994227088493062e-10, -5.341256326119037e-10, -2.351202255113094e-08, -0.0756139505830625, -0.5915180802403152, -0.20736395009519362, 1.0, 1.0, 1.0]
['toe_big_a_l_mover', -8.233796164142, -18.27739668234924, 0.8111005630006236, 0.05734087647386259, -1.2499404927945819, 5.270314959036072, 0.6880404068818108, 0.6880404068818108, 0.6880404068818108]
['toe_big_a_r_mover', 8.233796119693018, 18.27739715576259, -0.8111005425455744, 0.05734087526634635, -1.2499405145671372, 5.270315170288096, 0.6880404068818108, 0.6880404068818108, 0.6880404068818108]
['toe_mid_a_l_mover', 9.627599653104838, -16.286626709137572, 1.0280837694497702, -0.014217574444162266, 0.7343918486305134, 10.351804203513877, 0.5840706225639924, 0.5840706225639924, 0.5840706225639924]
['toe_mid_a_r_mover', -9.62759971618344, 16.28662681579677, -1.0280838012706024, -0.014217574151270984, 0.7343918681119908, 10.351803779602008, 0.5840706225639924, 0.5840706225639924, 0.5840706225639924]
['toe_pink_a_l_mover', 20.00540752501928, -6.710390452639068, 0.3802035931178338, 179.99999999999963, 179.99999999999986, -157.38232195165415, 0.44573194007347305, 0.44573194007347305, 0.44573194007347305]
['toe_pink_a_r_mover', -20.005407333370982, 6.710390567780447, -0.3802036046995294, 179.99999999999775, 180.00000000000202, -157.38232421875, 0.44573194007347305, 0.44573194007347305, 0.44573194007347305]
['toe_pivot_l_mover', 7.699378051864359, -18.25809690040715, 5.128551219794708, 0.0, 0.0, 0.0, 1.0, 1.0, 1.0]
['toe_pivot_r_mover', 7.69937801361084, -18.25809669494629, -5.128551006317139, -0.0, -0.0, 0.0, 1.0, 1.0, 1.0]
['tongue_01_mover', 0.8890171960183934, -50.02865910109108, 77.83785686147073, 74.01680538719734, 0.0, 180.0, 1.5172689256853829, 1.5172689256853829, 1.5172689256853829]
['tongue_02_mover', -1.0763194476899135e-14, 60.05486030894596, 3.410605131648481e-13, 7.9920894550174975, 0.0, 0.0, 1.0, 1.0, 1.0]
['tongue_03_mover', -9.369889949302229e-15, 60.05486030894596, 2.8421709430404007e-13, 175.8550723105913, 0.0, 180.0, 1.0, 1.0, 1.0]
['upperarm_mover_l', -13.404930016898732, -1.150432709055849, 1.2225211127283444, -0.28654376060300474, -1.575858781112108, -20.930132219246268, 0.7475420529549422, 0.7475420529549422, 0.7475420529549422]
['upperarm_mover_r', 13.404930114746008, 1.1504327058792558, -1.2225210666656494, -0.2865437606030105, -1.575858781112225, -20.93013221924626, 0.7475420529549422, 0.7475420529549422, 0.7475420529549422]
['upperarm_twist_01_mover_l', -0.00023282930652612777, 0.019057237252040338, -0.010120585893147904, 0.0, 0.0, 0.0, 0.4214600823014413, 0.4214600823014413, 0.4214600823014413]
['upperarm_twist_01_mover_r', 0.00023282930493451204, -0.0190572366118964, 0.010120585560784434, 0.0, 0.0, 0.0, 0.4214600823014413, 0.4214600823014413, 0.4214600823014413]
['upperarm_twist_02_mover_l', -0.0075040111813962085, 0.6142082327870373, -0.32618302417283473, 0.0, 0.0, 0.0, 0.4214600823014413, 0.4214600823014413, 0.4214600823014413]
['upperarm_twist_02_mover_r', 0.007504011038804492, -0.6142082214355451, 0.326183021068573, 0.0, 0.0, 0.0, 0.4214600823014413, 0.4214600823014413, 0.4214600823014413]
['back_pack_mover_offset', 0.0, 0.0, 0.0, 0.0, 0.0, 0.0, 1.0, 1.0, 1.0]
['ball_mover_offset_l', 0.0, 0.0, 0.0, 0.0, 0.0, 0.0, 1.0, 1.0, 1.0]
['ball_mover_offset_r', 0.0, 0.0, 0.0, 0.0, 0.0, 0.0, 1.0, 1.0, 1.0]
['bigtoe_distal_phalange_mover_offset_l', 0.0, 0.0, 0.0, 0.0, 0.0, 0.0, 1.0, 1.0, 1.0]
['bigtoe_distal_phalange_mover_offset_r', 0.0, 0.0, 0.0, 0.0, 0.0, 0.0, 1.0, 1.0, 1.0]
['bigtoe_metatarsal_mover_offset_l', 0.0, 0.0, 0.0, 0.0, 0.0, 0.0, 1.0, 1.0, 1.0]
['bigtoe_metatarsal_mover_offset_r', 0.0, 0.0, 0.0, 0.0, 0.0, 0.0, 1.0, 1.0, 1.0]
['bigtoe_proximal_phalange_mover_offset_l', 0.0, 0.0, 0.0, 0.0, 0.0, 0.0, 1.0, 1.0, 1.0]
['bigtoe_proximal_phalange_mover_offset_r', 0.0, 0.0, 0.0, 0.0, 0.0, 0.0, 1.0, 1.0, 1.0]
['bottle_01_mover_offset', 0.0, 0.0, 0.0, 0.0, 0.0, 0.0, 2.643608779746733, 2.643608779746733, 2.643608779746733]
['bottle_02_mover_offset', 0.0, 0.0, 0.0, 0.0, 0.0, 0.0, 3.5245492030419996, 3.5245492030419996, 3.5245492030419996]
['bottle_sack_mover_offset', 0.0, 0.0, 0.0, 0.0, 0.0, 0.0, 2.717002830262247, 2.717002830262247, 2.717002830262247]
['bottle_throw_mover_offset', 0.0, 0.0, 0.0, 0.0, 0.0, 0.0, 2.6126031009630046, 2.6126031009630046, 2.6126031009630046]
['calf_mover_offset_l', 0.0, 0.0, 0.0, 0.0, 0.0, 0.0, 1.0, 1.0, 1.0]
['calf_mover_offset_r', 0.0, 0.0, 0.0, 0.0, 0.0, 0.0, 1.0, 1.0, 1.0]
['clavicle_mover_offset_l', 0.0, 0.0, 0.0, 0.0, 0.0, 0.0, 1.0, 1.0, 1.0]
['clavicle_mover_offset_r', 0.0, 0.0, 0.0, 0.0, 0.0, 0.0, 1.0, 1.0, 1.0]
['dispencer_base_mover_offset', 0.0, 0.0, 0.0, 0.0, 0.0, 0.0, 1.0, 1.0, 1.0]
['dispencer_clip_bl_mover_offset', 0.0, 0.0, 0.0, 0.0, 0.0, 0.0, 1.0, 1.0, 1.0]
['dispencer_clip_br_mover_offset', 0.0, 0.0, 0.0, 0.0, 0.0, 0.0, 1.0, 1.0, 1.0]
['dispencer_clip_fl_mover_offset', 0.0, 0.0, 0.0, 0.0, 0.0, 0.0, 1.0, 1.0, 1.0]
['dispencer_clip_fr_mover_offset', 0.0, 0.0, 0.0, 0.0, 0.0, 0.0, 1.0, 1.0, 1.0]
['dispencer_door_bott_bk_mover_offset', 0.0, 0.0, 0.0, 0.0, 0.0, 0.0, 1.0, 1.0, 1.0]
['dispencer_door_bott_fr_mover_offset', 0.0, 0.0, 0.0, 0.0, 0.0, 0.0, 1.0, 1.0, 1.0]
['dispencer_door_mid_bk_mover_offset', 0.0, 0.0, 0.0, 0.0, 0.0, 0.0, 1.0, 1.0, 1.0]
['dispencer_door_mid_fr_mover_offset', 0.0, 0.0, 0.0, 0.0, 0.0, 0.0, 1.0, 1.0, 1.0]
['dispencer_door_top_bk_mover_offset', 0.0, 0.0, 0.0, 0.0, 0.0, 0.0, 1.0, 1.0, 1.0]
['dispencer_door_top_fr_mover_offset', 0.0, 0.0, 0.0, 0.0, 0.0, 0.0, 1.0, 1.0, 1.0]
['dispencer_handle_mover_offset', 0.0, 0.0, 0.0, 0.0, 0.0, 0.0, 1.0, 1.0, 1.0]
['dispencer_plug_mover_offset', 0.0, 0.0, 0.0, 0.0, 0.0, 0.0, 1.0, 1.0, 1.0]
['dispencer_top_mover_offset', 0.0, 0.0, 0.0, 0.0, 0.0, 0.0, 1.0, 1.0, 1.0]
['eyeball_l_mover_offset', 0.0, 0.0, 0.0, 0.0, 0.0, 0.0, 1.0, 1.0, 1.0]
['eyeball_r_mover_offset', 0.0, 0.0, 0.0, 0.0, 0.0, 0.0, 1.0, 1.0, 1.0]
['foot_mover_offset_l', 0.0, 0.0, 0.0, 0.0, 0.0, 0.0, 1.0, 1.0, 1.0]
['foot_mover_offset_r', 0.0, 0.0, 0.0, 0.0, 0.0, 0.0, 1.0, 1.0, 1.0]
['gums_bottom_mover_offset', 0.0, 0.0, 0.0, 0.0, 0.0, 0.0, 1.0, 1.0, 1.0]
['gums_top_mover_offset', 0.0, 0.0, 0.0, 0.0, 0.0, 0.0, 1.0, 1.0, 1.0]
['hand_mover_offset_l', 0.0, 0.0, 0.0, 0.0, 0.0, 0.0, 1.0, 1.0, 1.0]
['hand_mover_offset_r', 0.0, 0.0, 0.0, 0.0, 0.0, 0.0, 1.0, 1.0, 1.0]
['head_mover_offset', 0.0, 0.0, 0.0, 0.0, 0.0, 0.0, 1.0, 1.0, 1.0]
['heel_l_mover_offset', 0.0, 0.0, 0.0, 0.0, 0.0, 0.0, 1.0, 1.0, 1.0]
['heel_r_mover_offset', 0.0, 0.0, 0.0, 0.0, 0.0, 0.0, 1.0, 1.0, 1.0]
['index_01_mover_offset_l', 0.0, 0.0, 0.0, 0.0, 0.0, 0.0, 1.0, 1.0, 1.0]
['index_01_mover_offset_r', 0.0, 0.0, 0.0, 0.0, 0.0, 0.0, 1.0, 1.0, 1.0]
['index_02_mover_offset_l', 0.0, 0.0, 0.0, 0.0, 0.0, 0.0, 1.0, 1.0, 1.0]
['index_02_mover_offset_r', 0.0, 0.0, 0.0, 0.0, 0.0, 0.0, 1.0, 1.0, 1.0]
['index_03_mover_offset_l', 0.0, 0.0, 0.0, 0.0, 0.0, 0.0, 1.0, 1.0, 1.0]
['index_03_mover_offset_r', 0.0, 0.0, 0.0, 0.0, 0.0, 0.0, 1.0, 1.0, 1.0]
['index_distal_phalange_mover_offset_l', 0.0, 0.0, 0.0, 0.0, 0.0, 0.0, 1.0, 1.0, 1.0]
['index_distal_phalange_mover_offset_r', 0.0, 0.0, 0.0, 0.0, 0.0, 0.0, 1.0, 1.0, 1.0]
['index_metacarpal_mover_offset_l', 0.0, 0.0, 0.0, 0.0, 0.0, 0.0, 1.0, 1.0, 1.0]
['index_metacarpal_mover_offset_r', 0.0, 0.0, 0.0, 0.0, 0.0, 0.0, 1.0, 1.0, 1.0]
['index_metatarsal_mover_offset_l', 0.0, 0.0, 0.0, 0.0, 0.0, 0.0, 1.0, 1.0, 1.0]
['index_metatarsal_mover_offset_r', 0.0, 0.0, 0.0, 0.0, 0.0, 0.0, 1.0, 1.0, 1.0]
['index_middle_phalange_mover_offset_l', 0.0, 0.0, 0.0, 0.0, 0.0, 0.0, 1.0, 1.0, 1.0]
['index_middle_phalange_mover_offset_r', 0.0, 0.0, 0.0, 0.0, 0.0, 0.0, 1.0, 1.0, 1.0]
['index_proximal_phalange_mover_offset_l', 0.0, 0.0, 0.0, 0.0, 0.0, 0.0, 1.0, 1.0, 1.0]
['index_proximal_phalange_mover_offset_r', 0.0, 0.0, 0.0, 0.0, 0.0, 0.0, 1.0, 1.0, 1.0]
['jaw_mover_offset', 0.0, 0.0, 0.0, 0.0, 0.0, 0.0, 1.0, 1.0, 1.0]
['lowerarm_mover_offset_l', 0.0, 0.0, 0.0, 0.0, 0.0, 0.0, 1.0, 1.0, 1.0]
['lowerarm_mover_offset_r', 0.0, 0.0, 0.0, 0.0, 0.0, 0.0, 1.0, 1.0, 1.0]
['lowerarm_twist_01_mover_offset_l', 0.0, 0.0, 0.0, 0.0, 0.0, 0.0, 1.0, 1.0, 1.0]
['lowerarm_twist_01_mover_offset_r', 0.0, 0.0, 0.0, 0.0, 0.0, 0.0, 1.0, 1.0, 1.0]
['middle_01_mover_offset_l', 0.0, 0.0, 0.0, 0.0, 0.0, 0.0, 1.0, 1.0, 1.0]
['middle_01_mover_offset_r', 0.0, 0.0, 0.0, 0.0, 0.0, 0.0, 1.0, 1.0, 1.0]
['middle_02_mover_offset_l', 0.0, 0.0, 0.0, 0.0, 0.0, 0.0, 1.0, 1.0, 1.0]
['middle_02_mover_offset_r', 0.0, 0.0, 0.0, 0.0, 0.0, 0.0, 1.0, 1.0, 1.0]
['middle_03_mover_offset_l', 0.0, 0.0, 0.0, 0.0, 0.0, 0.0, 1.0, 1.0, 1.0]
['middle_03_mover_offset_r', 0.0, 0.0, 0.0, 0.0, 0.0, 0.0, 1.0, 1.0, 1.0]
['middle_distal_phalange_mover_offset_l', 0.0, 0.0, 0.0, 0.0, 0.0, 0.0, 1.0, 1.0, 1.0]
['middle_distal_phalange_mover_offset_r', 0.0, 0.0, 0.0, 0.0, 0.0, 0.0, 1.0, 1.0, 1.0]
['middle_metacarpal_mover_offset_l', 0.0, 0.0, 0.0, 0.0, 0.0, 0.0, 1.0, 1.0, 1.0]
['middle_metacarpal_mover_offset_r', 0.0, 0.0, 0.0, 0.0, 0.0, 0.0, 1.0, 1.0, 1.0]
['middle_metatarsal_mover_offset_l', 0.0, 0.0, 0.0, 0.0, 0.0, 0.0, 1.0, 1.0, 1.0]
['middle_metatarsal_mover_offset_r', 0.0, 0.0, 0.0, 0.0, 0.0, 0.0, 1.0, 1.0, 1.0]
['middle_middle_phalange_mover_offset_l', 0.0, 0.0, 0.0, 0.0, 0.0, 0.0, 1.0, 1.0, 1.0]
['middle_middle_phalange_mover_offset_r', 0.0, 0.0, 0.0, 0.0, 0.0, 0.0, 1.0, 1.0, 1.0]
['middle_proximal_phalange_mover_offset_l', 0.0, 0.0, 0.0, 0.0, 0.0, 0.0, 1.0, 1.0, 1.0]
['middle_proximal_phalange_mover_offset_r', 0.0, 0.0, 0.0, 0.0, 0.0, 0.0, 1.0, 1.0, 1.0]
['muscle_belly_mover_offset', 0.0, 0.0, 0.0, 0.0, 0.0, 0.0, 1.896785301157612, 1.896785301157612, 1.896785301157612]
['muscle_jowles_mover_offset', 0.0, 0.0, 0.0, 0.0, 0.0, 0.0, 5.775216089527929, 5.775216089527929, 5.775216089527929]
['muscle_tail_bott_mover_offset', 0.0, 0.0, 0.0, 0.0, 0.0, 0.0, 2.4161600653227118, 2.4161600653227118, 2.4161600653227118]
['muscle_thigh_l_mover_offset', 0.0, 0.0, 0.0, 0.0, 0.0, 0.0, 1.0, 1.0, 1.0]
['muscle_thigh_r_mover_offset', 0.0, 0.0, 0.0, 0.0, 0.0, 0.0, 1.0, 1.0, 1.0]
['neck_01_mover_offset', 0.0, 0.0, 0.0, 0.0, 0.0, 0.0, 1.0, 1.0, 1.0]
['pelvis_mover_offset', 0.0, 0.0, 0.0, 0.0, 0.0, 0.0, 1.0, 1.0, 1.0]
['pinky_01_mover_offset_l', 0.0, 0.0, 0.0, 0.0, 0.0, 0.0, 1.0, 1.0, 1.0]
['pinky_01_mover_offset_r', 0.0, 0.0, 0.0, 0.0, 0.0, 0.0, 1.0, 1.0, 1.0]
['pinky_02_mover_offset_l', 0.0, 0.0, 0.0, 0.0, 0.0, 0.0, 1.0, 1.0, 1.0]
['pinky_02_mover_offset_r', 0.0, 0.0, 0.0, 0.0, 0.0, 0.0, 1.0, 1.0, 1.0]
['pinky_03_mover_offset_l', 0.0, 0.0, 0.0, 0.0, 0.0, 0.0, 1.0, 1.0, 1.0]
['pinky_03_mover_offset_r', 0.0, 0.0, 0.0, 0.0, 0.0, 0.0, 1.0, 1.0, 1.0]
['pinky_distal_phalange_mover_offset_l', 0.0, 0.0, 0.0, 0.0, 0.0, 0.0, 1.0, 1.0, 1.0]
['pinky_distal_phalange_mover_offset_r', 0.0, 0.0, 0.0, 0.0, 0.0, 0.0, 1.0, 1.0, 1.0]
['pinky_metacarpal_mover_offset_l', 0.0, 0.0, 0.0, 0.0, 0.0, 0.0, 1.0, 1.0, 1.0]
['pinky_metacarpal_mover_offset_r', 0.0, 0.0, 0.0, 0.0, 0.0, 0.0, 1.0, 1.0, 1.0]
['pinky_metatarsal_mover_offset_l', 0.0, 0.0, 0.0, 0.0, 0.0, 0.0, 1.0, 1.0, 1.0]
['pinky_metatarsal_mover_offset_r', 0.0, 0.0, 0.0, 0.0, 0.0, 0.0, 1.0, 1.0, 1.0]
['pinky_middle_phalange_mover_offset_l', 0.0, 0.0, 0.0, 0.0, 0.0, 0.0, 1.0, 1.0, 1.0]
['pinky_middle_phalange_mover_offset_r', 0.0, 0.0, 0.0, 0.0, 0.0, 0.0, 1.0, 1.0, 1.0]
['pinky_proximal_phalange_mover_offset_l', 0.0, 0.0, 0.0, 0.0, 0.0, 0.0, 1.0, 1.0, 1.0]
['pinky_proximal_phalange_mover_offset_r', 0.0, 0.0, 0.0, 0.0, 0.0, 0.0, 1.0, 1.0, 1.0]
['ring_01_mover_offset_l', 0.0, 0.0, 0.0, 0.0, 0.0, 0.0, 1.0, 1.0, 1.0]
['ring_01_mover_offset_r', 0.0, 0.0, 0.0, 0.0, 0.0, 0.0, 1.0, 1.0, 1.0]
['ring_02_mover_offset_l', 0.0, 0.0, 0.0, 0.0, 0.0, 0.0, 1.0, 1.0, 1.0]
['ring_02_mover_offset_r', 0.0, 0.0, 0.0, 0.0, 0.0, 0.0, 1.0, 1.0, 1.0]
['ring_03_mover_offset_l', 0.0, 0.0, 0.0, 0.0, 0.0, 0.0, 1.0, 1.0, 1.0]
['ring_03_mover_offset_r', 0.0, 0.0, 0.0, 0.0, 0.0, 0.0, 1.0, 1.0, 1.0]
['ring_distal_phalange_mover_offset_l', 0.0, 0.0, 0.0, 0.0, 0.0, 0.0, 1.0, 1.0, 1.0]
['ring_distal_phalange_mover_offset_r', 0.0, 0.0, 0.0, 0.0, 0.0, 0.0, 1.0, 1.0, 1.0]
['ring_metacarpal_mover_offset_l', 0.0, 0.0, 0.0, 0.0, 0.0, 0.0, 1.0, 1.0, 1.0]
['ring_metacarpal_mover_offset_r', 0.0, 0.0, 0.0, 0.0, 0.0, 0.0, 1.0, 1.0, 1.0]
['ring_metatarsal_mover_offset_l', 0.0, 0.0, 0.0, 0.0, 0.0, 0.0, 1.0, 1.0, 1.0]
['ring_metatarsal_mover_offset_r', 0.0, 0.0, 0.0, 0.0, 0.0, 0.0, 1.0, 1.0, 1.0]
['ring_middle_phalange_mover_offset_l', 0.0, 0.0, 0.0, 0.0, 0.0, 0.0, 1.0, 1.0, 1.0]
['ring_middle_phalange_mover_offset_r', 0.0, 0.0, 0.0, 0.0, 0.0, 0.0, 1.0, 1.0, 1.0]
['ring_proximal_phalange_mover_offset_l', 0.0, 0.0, 0.0, 0.0, 0.0, 0.0, 1.0, 1.0, 1.0]
['ring_proximal_phalange_mover_offset_r', 0.0, 0.0, 0.0, 0.0, 0.0, 0.0, 1.0, 1.0, 1.0]
['spine_01_mover_offset', 0.0, 0.0, 0.0, 0.0, 0.0, 0.0, 1.0, 1.0, 1.0]
['spine_02_mover_offset', 0.0, 0.0, 0.0, 0.0, 0.0, 0.0, 1.0, 1.0, 1.0]
['spine_03_mover_offset', 0.0, 0.0, 0.0, 0.0, 0.0, 0.0, 1.0, 1.0, 1.0]
['tail_01_mover_offset', 0.0, 0.0, 0.0, 0.0, 0.0, 0.0, 1.0, 1.0, 1.0]
['tail_02_mover_offset', 0.0, 0.0, 0.0, 0.0, 0.0, 0.0, 1.0, 1.0, 1.0]
['tail_03_mover_offset', 0.0, 0.0, 0.0, 0.0, 0.0, 0.0, 1.0, 1.0, 1.0]
['tail_04_mover_offset', 0.0, 0.0, 0.0, 0.0, 0.0, 0.0, 1.0, 1.0, 1.0]
['tail_armor_01_mover_offset', 0.0, 0.0, 0.0, 0.0, 0.0, 0.0, 1.0, 1.0, 1.0]
['tail_armor_02_mover_offset', 0.0, 0.0, 0.0, 0.0, 0.0, 0.0, 1.0, 1.0, 1.0]
['tail_armor_03_mover_offset', 0.0, 0.0, 0.0, 0.0, 0.0, 0.0, 1.0, 1.0, 1.0]
['thigh_mover_offset_l', 0.0, 0.0, 0.0, 0.0, 0.0, 0.0, 1.0, 1.0, 1.0]
['thigh_mover_offset_r', 0.0, 0.0, 0.0, 0.0, 0.0, 0.0, 1.0, 1.0, 1.0]
['thigh_twist_01_mover_offset_l', 0.0, 0.0, 0.0, 0.0, 0.0, 0.0, 1.0, 1.0, 1.0]
['thigh_twist_01_mover_offset_r', 0.0, 0.0, 0.0, 0.0, 0.0, 0.0, 1.0, 1.0, 1.0]
['thigh_twist_02_mover_offset_l', 0.0, 0.0, 0.0, 0.0, 0.0, 0.0, 1.0, 1.0, 1.0]
['thigh_twist_02_mover_offset_r', 0.0, 0.0, 0.0, 0.0, 0.0, 0.0, 1.0, 1.0, 1.0]
['throttle_pivot_mover_offset', 0.0, 0.0, 0.0, 0.0, 0.0, 0.0, 1.0, 1.0, 1.0]
['thumb_01_mover_offset_l', 0.0, 0.0, 0.0, 0.0, 0.0, 0.0, 1.0, 1.0, 1.0]
['thumb_01_mover_offset_r', 0.0, 0.0, 0.0, 0.0, 0.0, 0.0, 1.0, 1.0, 1.0]
['thumb_02_mover_offset_l', 0.0, 0.0, 0.0, 0.0, 0.0, 0.0, 1.0, 1.0, 1.0]
['thumb_02_mover_offset_r', 0.0, 0.0, 0.0, 0.0, 0.0, 0.0, 1.0, 1.0, 1.0]
['thumb_03_mover_offset_l', 0.0, 0.0, 0.0, 0.0, 0.0, 0.0, 1.0, 1.0, 1.0]
['thumb_03_mover_offset_r', 0.0, 0.0, 0.0, 0.0, 0.0, 0.0, 1.0, 1.0, 1.0]
['toe_big_a_l_mover_offset', 0.0, 0.0, 0.0, 0.0, 0.0, 0.0, 1.0, 1.0, 1.0]
['toe_big_a_r_mover_offset', 0.0, 0.0, 0.0, 0.0, 0.0, 0.0, 1.0, 1.0, 1.0]
['toe_mid_a_l_mover_offset', 0.0, 0.0, 0.0, 0.0, 0.0, 0.0, 1.0, 1.0, 1.0]
['toe_mid_a_r_mover_offset', 0.0, 0.0, 0.0, 0.0, 0.0, 0.0, 1.0, 1.0, 1.0]
['toe_pink_a_l_mover_offset', 0.0, 0.0, 0.0, 0.0, 0.0, 0.0, 1.0, 1.0, 1.0]
['toe_pink_a_r_mover_offset', 0.0, 0.0, 0.0, 0.0, 0.0, 0.0, 1.0, 1.0, 1.0]
['tongue_01_mover_offset', 0.0, 0.0, 0.0, 0.0, 0.0, 0.0, 1.0, 1.0, 1.0]
['tongue_02_mover_offset', 0.0, 0.0, 0.0, 0.0, 0.0, 0.0, 1.0, 1.0, 1.0]
['tongue_03_mover_offset', 0.0, 0.0, 0.0, 0.0, 0.0, 0.0, 1.0, 1.0, 1.0]
['upperarm_mover_offset_l', 0.0, 0.0, 0.0, 0.0, 0.0, 0.0, 1.0, 1.0, 1.0]
['upperarm_mover_offset_r', 0.0, 0.0, 0.0, 0.0, 0.0, 0.0, 1.0, 1.0, 1.0]
['upperarm_twist_01_mover_offset_l', 0.0, 0.0, 0.0, 0.0, 0.0, 0.0, 1.0, 1.0, 1.0]
['upperarm_twist_01_mover_offset_r', 0.0, 0.0, 0.0, 0.0, 0.0, 0.0, 1.0, 1.0, 1.0]
['upperarm_twist_02_mover_offset_l', 0.0, 0.0, 0.0, 0.0, 0.0, 0.0, 1.0, 1.0, 1.0]
['upperarm_twist_02_mover_offset_r', 0.0, 0.0, 0.0, 0.0, 0.0, 0.0, 1.0, 1.0, 1.0]
['back_pack_geo_mover', 0.0, 0.0, 0.0, 0.0, 0.0, 0.0, 1.0, 1.0, 1.0]
['ball_geo_mover_l', 0.0, 0.0, 0.0, 0.0, 0.0, 0.0, 1.0, 1.0, 1.0]
['ball_geo_mover_r', -0.0, -0.0, -0.0, 0.0, 0.0, 0.0, 1.0, 1.0, 1.0]
['bottle_01_geo_mover', 0.0, 0.0, 0.0, 0.0, 0.0, 0.0, 1.0, 1.0, 1.0]
['bottle_02_geo_mover', 0.0, 0.0, 0.0, 0.0, 0.0, 0.0, 1.0, 1.0, 1.0]
['bottle_sack_geo_mover', 0.0, 0.0, 0.0, 0.0, 0.0, 0.0, 1.0, 1.0, 1.0]
['bottle_throw_geo_mover', 0.0, 0.0, 0.0, 0.0, 0.0, 0.0, 1.0, 1.0, 1.0]
['calf_geo_mover_l', 0.0, 0.0, 0.0, 0.0, 0.0, 0.0, 1.0, 1.0, 1.0]
['calf_geo_mover_r', -0.0, -0.0, -0.0, 0.0, 0.0, 0.0, 1.0, 1.0, 1.0]
['clavicle_geo_mover_l', 0.0, 0.0, 0.0, 0.0, 0.0, 0.0, 1.0, 1.0, 1.0]
['clavicle_geo_mover_r', -0.0, -0.0, -0.0, 0.0, 0.0, 0.0, 1.0, 1.0, 1.0]
['dispencer_base_geo_mover', 0.0, 0.0, 0.0, 0.0, 0.0, 0.0, 1.0, 1.0, 1.0]
['dispencer_clip_bl_geo_mover', 0.0, 0.0, 0.0, 0.0, 0.0, 0.0, 1.0, 1.0, 1.0]
['dispencer_clip_br_geo_mover', 0.0, 0.0, 0.0, 0.0, 0.0, 0.0, 1.0, 1.0, 1.0]
['dispencer_clip_fl_geo_mover', 0.0, 0.0, 0.0, 0.0, 0.0, 0.0, 1.0, 1.0, 1.0]
['dispencer_clip_fr_geo_mover', 0.0, 0.0, 0.0, 0.0, 0.0, 0.0, 1.0, 1.0, 1.0]
['dispencer_door_bott_bk_geo_mover', 0.0, 0.0, 0.0, 0.0, 0.0, 0.0, 1.0, 1.0, 1.0]
['dispencer_door_bott_fr_geo_mover', 0.0, 0.0, 0.0, 0.0, 0.0, 0.0, 1.0, 1.0, 1.0]
['dispencer_door_mid_bk_geo_mover', 0.0, 0.0, 0.0, 0.0, 0.0, 0.0, 1.0, 1.0, 1.0]
['dispencer_door_mid_fr_geo_mover', 0.0, 0.0, 0.0, 0.0, 0.0, 0.0, 1.0, 1.0, 1.0]
['dispencer_door_top_bk_geo_mover', 0.0, 0.0, 0.0, 0.0, 0.0, 0.0, 1.0, 1.0, 1.0]
['dispencer_door_top_fr_geo_mover', 0.0, 0.0, 0.0, 0.0, 0.0, 0.0, 1.0, 1.0, 1.0]
['dispencer_handle_geo_mover', 0.0, 0.0, 0.0, 0.0, 0.0, 0.0, 1.0, 1.0, 1.0]
['dispencer_plug_geo_mover', 0.0, 0.0, 0.0, 0.0, 0.0, 0.0, 1.0, 1.0, 1.0]
['dispencer_top_geo_mover', 0.0, 0.0, 0.0, 0.0, 0.0, 0.0, 1.0, 1.0, 1.0]
['eyeball_l_geo_mover', 0.0, 0.0, 0.0, 0.0, 0.0, 0.0, 1.0, 1.0, 1.0]
['eyeball_r_geo_mover', -0.0, -0.0, -0.0, 0.0, 0.0, 0.0, 1.0, 1.0, 1.0]
['foot_geo_mover_l', 0.0, 0.0, 0.0, 0.0, 0.0, 0.0, 1.0, 1.0, 1.0]
['foot_geo_mover_r', -0.0, -0.0, -0.0, 0.0, 0.0, 0.0, 1.0, 1.0, 1.0]
['gums_bottom_geo_mover', 0.0, 0.0, 0.0, 0.0, 0.0, 0.0, 1.0, 1.0, 1.0]
['gums_top_geo_mover', 0.0, 0.0, 0.0, 0.0, 0.0, 0.0, 1.0, 1.0, 1.0]
['hand_geo_mover_l', 0.0, 0.0, 0.0, 0.0, 0.0, 0.0, 1.0, 1.0, 1.0]
['hand_geo_mover_r', -0.0, -0.0, -0.0, 0.0, 0.0, 0.0, 1.0, 1.0, 1.0]
['head_geo_mover', 0.0, 0.0, 0.0, 0.0, 0.0, 0.0, 1.0, 1.0, 1.0]
['heel_l_geo_mover', 0.0, 0.0, 0.0, 0.0, 0.0, 0.0, 1.0, 1.0, 1.0]
['heel_r_geo_mover', 0.0, 0.0, -0.0, -0.0, -0.0, 0.0, 1.0, 1.0, 1.0]
['index_01_geo_mover_l', 0.0, 0.0, 0.0, 0.0, 0.0, 0.0, 1.0, 1.0, 1.0]
['index_01_geo_mover_r', -0.0, -0.0, -0.0, 0.0, 0.0, 0.0, 1.0, 1.0, 1.0]
['index_02_geo_mover_l', 0.0, 0.0, 0.0, 0.0, 0.0, 0.0, 1.0, 1.0, 1.0]
['index_02_geo_mover_r', -0.0, -0.0, -0.0, 0.0, 0.0, 0.0, 1.0, 1.0, 1.0]
['jaw_geo_mover', 0.0, 0.0, 0.0, 0.0, 0.0, 0.0, 1.0, 1.0, 1.0]
['lowerarm_geo_mover_l', 0.0, 0.0, 0.0, 0.0, 0.0, 0.0, 1.0, 1.0, 1.0]
['lowerarm_geo_mover_r', -0.0, -0.0, -0.0, 0.0, 0.0, 0.0, 1.0, 1.0, 1.0]
['lowerarm_twist_01_geo_mover_l', 0.0, 0.0, 0.0, 0.0, 0.0, 0.0, 1.0, 1.0, 1.0]
['lowerarm_twist_01_geo_mover_r', -0.0, -0.0, -0.0, 0.0, 0.0, 0.0, 1.0, 1.0, 1.0]
['middle_01_geo_mover_l', 0.0, 0.0, 0.0, 0.0, 0.0, 0.0, 1.0, 1.0, 1.0]
['middle_01_geo_mover_r', -0.0, -0.0, -0.0, 0.0, 0.0, 0.0, 1.0, 1.0, 1.0]
['middle_02_geo_mover_l', 0.0, 0.0, 0.0, 0.0, 0.0, 0.0, 1.0, 1.0, 1.0]
['middle_02_geo_mover_r', -0.0, -0.0, -0.0, 0.0, 0.0, 0.0, 1.0, 1.0, 1.0]
['muscle_belly_geo_mover', 0.0, 0.0, 0.0, 0.0, 0.0, 0.0, 1.0, 1.0, 1.0]
['muscle_jowles_geo_mover', 0.0, 0.0, 0.0, 0.0, 0.0, 0.0, 1.0, 1.0, 1.0]
['muscle_tail_bott_geo_mover', 0.0, 0.0, 0.0, 0.0, 0.0, 0.0, 1.0, 1.0, 1.0]
['muscle_thigh_l_geo_mover', 0.0, 0.0, 0.0, 0.0, 0.0, 0.0, 1.0, 1.0, 1.0]
['muscle_thigh_r_geo_mover', -0.0, -0.0, -0.0, 0.0, 0.0, 0.0, 1.0, 1.0, 1.0]
['neck_01_geo_mover', 0.0, 0.0, 0.0, 0.0, 0.0, 0.0, 1.0, 1.0, 1.0]
['pelvis_geo_mover', 0.0, 0.0, 0.0, 0.0, 0.0, 0.0, 1.0, 1.0, 1.0]
['spine_01_geo_mover', 0.0, 0.0, 0.0, 0.0, 0.0, 0.0, 1.0, 1.0, 1.0]
['spine_02_geo_mover', 0.0, 0.0, 0.0, 0.0, 0.0, 0.0, 1.0, 1.0, 1.0]
['spine_03_geo_mover', 0.0, 0.0, 0.0, 0.0, 0.0, 0.0, 1.0, 1.0, 1.0]
['tail_01_geo_mover', 0.0, 0.0, 0.0, 0.0, 0.0, 0.0, 1.0, 1.0, 1.0]
['tail_02_geo_mover', 0.0, 0.0, 0.0, 0.0, 0.0, 0.0, 1.0, 1.0, 1.0]
['tail_03_geo_mover', 0.0, 0.0, 0.0, 0.0, 0.0, 0.0, 1.0, 1.0, 1.0]
['tail_04_geo_mover', 0.0, 0.0, 0.0, 0.0, 0.0, 0.0, 1.0, 1.0, 1.0]
['tail_armor_01_geo_mover', 0.0, 0.0, 0.0, 0.0, 0.0, 0.0, 1.0, 1.0, 1.0]
['tail_armor_02_geo_mover', 0.0, 0.0, 0.0, 0.0, 0.0, 0.0, 1.0, 1.0, 1.0]
['tail_armor_03_geo_mover', 0.0, 0.0, 0.0, 0.0, 0.0, 0.0, 1.0, 1.0, 1.0]
['thigh_geo_mover_l', 0.0, 0.0, 0.0, 0.0, 0.0, 0.0, 1.0, 1.0, 1.0]
['thigh_geo_mover_r', -0.0, -0.0, -0.0, 0.0, 0.0, 0.0, 1.0, 1.0, 1.0]
['thigh_twist_01_geo_mover_l', 0.0, 0.0, 0.0, 0.0, 0.0, 0.0, 1.0, 1.0, 1.0]
['thigh_twist_01_geo_mover_r', -0.0, -0.0, -0.0, 0.0, 0.0, 0.0, 1.0, 1.0, 1.0]
['thigh_twist_02_geo_mover_l', 0.0, 0.0, 0.0, 0.0, 0.0, 0.0, 1.0, 1.0, 1.0]
['thigh_twist_02_geo_mover_r', -0.0, -0.0, -0.0, 0.0, 0.0, 0.0, 1.0, 1.0, 1.0]
['throttle_pivot_geo_mover', 0.0, 0.0, 0.0, 0.0, 0.0, 0.0, 1.0, 1.0, 1.0]
['thumb_01_geo_mover_l', 0.0, 0.0, 0.0, 0.0, 0.0, 0.0, 1.0, 1.0, 1.0]
['thumb_01_geo_mover_r', -0.0, -0.0, -0.0, 0.0, 0.0, 0.0, 1.0, 1.0, 1.0]
['thumb_02_geo_mover_l', 0.0, 0.0, 0.0, 0.0, 0.0, 0.0, 1.0, 1.0, 1.0]
['thumb_02_geo_mover_r', -0.0, -0.0, -0.0, 0.0, 0.0, 0.0, 1.0, 1.0, 1.0]
['toe_big_a_l_geo_mover', 0.0, 0.0, 0.0, 0.0, 0.0, 0.0, 1.0, 1.0, 1.0]
['toe_big_a_r_geo_mover', -0.0, -0.0, -0.0, 0.0, 0.0, 0.0, 1.0, 1.0, 1.0]
['toe_mid_a_l_geo_mover', 0.0, 0.0, 0.0, 0.0, 0.0, 0.0, 1.0, 1.0, 1.0]
['toe_mid_a_r_geo_mover', -0.0, -0.0, -0.0, 0.0, 0.0, 0.0, 1.0, 1.0, 1.0]
['toe_pink_a_l_geo_mover', 0.0, 0.0, 0.0, 0.0, 0.0, 0.0, 1.0, 1.0, 1.0]
['toe_pink_a_r_geo_mover', -0.0, -0.0, -0.0, 0.0, 0.0, 0.0, 1.0, 1.0, 1.0]
['tongue_01_geo_mover', 0.0, 0.0, 0.0, 0.0, 0.0, 0.0, 1.0, 1.0, 1.0]
['tongue_02_geo_mover', 0.0, 0.0, 0.0, 0.0, 0.0, 0.0, 1.0, 1.0, 1.0]
['tongue_03_geo_mover', 0.0, 0.0, 0.0, 0.0, 0.0, 0.0, 1.0, 1.0, 1.0]
['upperarm_geo_mover_l', 0.0, 0.0, 0.0, 0.0, 0.0, 0.0, 1.0, 1.0, 1.0]
['upperarm_geo_mover_r', -0.0, -0.0, -0.0, 0.0, 0.0, 0.0, 1.0, 1.0, 1.0]
['upperarm_twist_01_geo_mover_l', 0.0, 0.0, 0.0, 0.0, 0.0, 0.0, 1.0, 1.0, 1.0]
['upperarm_twist_01_geo_mover_r', -0.0, -0.0, -0.0, 0.0, 0.0, 0.0, 1.0, 1.0, 1.0]
['upperarm_twist_02_geo_mover_l', 0.0, 0.0, 0.0, 0.0, 0.0, 0.0, 1.0, 1.0, 1.0]
['upperarm_twist_02_geo_mover_r', -0.0, -0.0, -0.0, 0.0, 0.0, 0.0, 1.0, 1.0, 1.0]
['back_pack_lra', 0.0, 0.0, 0.0, 0.0, 0.0, 0.0, 1.0, 1.0, 1.0]
['ball_l_lra', 0.0, 0.0, 0.0, 0.0, 0.0, 0.0, 1.0, 1.0, 1.0]
['ball_r_lra', 0.0, 0.0, 0.0, 0.0, 0.0, 0.0, 1.0, 1.0, 1.0]
['bigtoe_distal_phalange_l_lra', 0.0, 0.0, 0.0, 0.0, 0.0, 0.0, 1.0, 1.0, 1.0]
['bigtoe_distal_phalange_r_lra', 0.0, 0.0, 0.0, 0.0, 0.0, 0.0, 1.0, 1.0, 1.0]
['bigtoe_metatarsal_l_lra', 0.0, 0.0, 0.0, 0.0, 0.0, 0.0, 1.0, 1.0, 1.0]
['bigtoe_metatarsal_r_lra', 0.0, 0.0, 0.0, 0.0, 0.0, 0.0, 1.0, 1.0, 1.0]
['bigtoe_proximal_phalange_l_lra', 0.0, 0.0, 0.0, 0.0, 0.0, 0.0, 1.0, 1.0, 1.0]
['bigtoe_proximal_phalange_r_lra', 0.0, 0.0, 0.0, 0.0, 0.0, 0.0, 1.0, 1.0, 1.0]
['bottle_01_lra', 0.0, 0.0, 0.0, 0.0, 0.0, 0.0, 1.0, 1.0, 1.0]
['bottle_02_lra', 0.0, 0.0, 0.0, 0.0, 0.0, 0.0, 1.0, 1.0, 1.0]
['bottle_sack_lra', 0.0, 0.0, 0.0, 0.0, 0.0, 0.0, 1.0, 1.0, 1.0]
['bottle_throw_lra', 0.0, 0.0, 0.0, 0.0, 0.0, 0.0, 1.0, 1.0, 1.0]
['calf_l_lra', 0.0, 0.0, 0.0, 0.0, 0.0, 0.0, 1.0, 1.0, 1.0]
['calf_r_lra', 0.0, 0.0, 0.0, 0.0, 0.0, 0.0, 1.0, 1.0, 1.0]
['clavicle_l_lra', 0.0, -1.887379141862766e-15, 0.0, -1.987846675914698e-16, -0.0, 0.0, 1.0, 1.0, 1.0]
['clavicle_r_lra', 0.0, 0.0, 0.0, 0.0, 0.0, 0.0, 1.0, 1.0, 1.0]
['dispencer_base_lra', 0.0, 0.0, 0.0, 0.0, 0.0, 0.0, 1.0, 1.0, 1.0]
['dispencer_clip_bl_lra', 0.0, 0.0, 0.0, 0.0, 0.0, 0.0, 1.0, 1.0, 1.0]
['dispencer_clip_br_lra', 0.0, 0.0, 0.0, 0.0, 0.0, 0.0, 1.0, 1.0, 1.0]
['dispencer_clip_fl_lra', 0.0, 0.0, 0.0, 0.0, 0.0, 0.0, 1.0, 1.0, 1.0]
['dispencer_clip_fr_lra', 0.0, 0.0, 0.0, 0.0, 0.0, 0.0, 1.0, 1.0, 1.0]
['dispencer_door_bott_bk_lra', 0.0, 0.0, 0.0, 0.0, 0.0, 0.0, 1.0, 1.0, 1.0]
['dispencer_door_bott_fr_lra', 0.0, 0.0, 0.0, 0.0, 0.0, 0.0, 1.0, 1.0, 1.0]
['dispencer_door_mid_bk_lra', 0.0, 0.0, 0.0, 0.0, 0.0, 0.0, 1.0, 1.0, 1.0]
['dispencer_door_mid_fr_lra', 0.0, 0.0, 0.0, 0.0, 0.0, 0.0, 1.0, 1.0, 1.0]
['dispencer_door_top_bk_lra', 0.0, 0.0, 0.0, 0.0, 0.0, 0.0, 1.0, 1.0, 1.0]
['dispencer_door_top_fr_lra', 0.0, 0.0, 0.0, 0.0, 0.0, 0.0, 1.0, 1.0, 1.0]
['dispencer_handle_lra', 0.0, 0.0, 0.0, 0.0, 0.0, 0.0, 1.0, 1.0, 1.0]
['dispencer_plug_lra', 0.0, 0.0, 0.0, 0.0, 0.0, 0.0, 1.0, 1.0, 1.0]
['dispencer_top_lra', 0.0, 0.0, 0.0, 0.0, 0.0, 0.0, 1.0, 1.0, 1.0]
['eyeball_l_lra', 0.0, 0.0, 0.0, 0.0, 0.0, 0.0, 1.0, 1.0, 1.0]
['eyeball_r_lra', 0.0, 0.0, 0.0, 0.0, 0.0, 0.0, 1.0, 1.0, 1.0]
['foot_l_lra', 0.0, 0.0, 0.0, 0.0, 0.0, 0.0, 1.0, 1.0, 1.0]
['foot_r_lra', 0.0, 0.0, 0.0, 0.0, 0.0, 0.0, 1.0, 1.0, 1.0]
['gums_bottom_lra', 0.0, 0.0, 0.0, 0.0, 0.0, 0.0, 1.0, 1.0, 1.0]
['gums_top_lra', 0.0, 0.0, 0.0, 0.0, 0.0, 0.0, 1.0, 1.0, 1.0]
['hand_l_lra', 0.0, 0.0, 0.0, 0.0, 0.0, 0.0, 1.0, 1.0, 1.0]
['hand_r_lra', 0.0, 0.0, 0.0, 0.0, 0.0, 0.0, 1.0, 1.0, 1.0]
['head_lra', -5.684341886080802e-14, 8.881784197001252e-16, 0.0, -3.531125038440126e-31, -1.2722218725854073e-14, 0.0, 1.0000000000000002, 1.0000000000000002, 1.0]
['heel_l_lra', 0.0, 0.0, 0.0, 0.0, 0.0, 0.0, 1.0, 1.0, 1.0]
['heel_r_lra', 0.0, 0.0, 0.0, 0.0, 0.0, 0.0, 1.0, 1.0, 1.0]
['index_01_l_lra', 8.526512829121202e-14, 2.842170943040401e-14, -3.552713678800501e-15, 1.90833280887811e-14, -4.770832022195275e-15, -3.1805546814635168e-15, 1.0, 1.0, 1.0000000000000002]
['index_01_r_lra', 0.0, 0.0, 0.0, 0.0, 0.0, 0.0, 1.0, 1.0, 1.0]
['index_02_l_lra', 5.684341886080802e-14, 2.842170943040401e-14, 0.0, 1.3517357396219947e-14, -6.361109362927032e-15, 9.541664044390547e-15, 1.0000000000000002, 1.0, 1.0000000000000002]
['index_02_r_lra', 0.0, 0.0, 0.0, 0.0, 0.0, 0.0, 1.0, 1.0, 1.0]
['index_03_l_lra', 2.842170943040401e-14, 0.0, 3.552713678800501e-15, 1.1927080055488182e-15, 7.951386703658789e-15, -3.180554681463515e-15, 1.0000000000000004, 1.0000000000000004, 1.0000000000000004]
['index_03_r_lra', 0.0, 0.0, 0.0, 0.0, 0.0, 0.0, 1.0, 1.0, 1.0]
['index_distal_phalange_l_lra', 0.0, 0.0, 0.0, 0.0, 0.0, 0.0, 1.0, 1.0, 1.0]
['index_distal_phalange_r_lra', 0.0, 0.0, 0.0, 0.0, 0.0, 0.0, 1.0, 1.0, 1.0]
['index_metacarpal_l_lra', 0.0, 0.0, 0.0, 0.0, 0.0, 0.0, 1.0, 1.0, 1.0]
['index_metacarpal_r_lra', 2.842170943040401e-14, -2.842170943040401e-14, 3.1086244689504383e-15, -2.902256146835458e-14, 7.15624803329291e-15, 3.180554681463515e-15, 1.0000000000000004, 1.0000000000000004, 1.0000000000000004]
['index_metatarsal_l_lra', 0.0, 0.0, 0.0, 0.0, 0.0, 0.0, 1.0, 1.0, 1.0]
['index_metatarsal_r_lra', 0.0, 0.0, 0.0, 0.0, 0.0, 0.0, 1.0, 1.0, 1.0]
['index_middle_phalange_l_lra', 0.0, 0.0, 0.0, 0.0, 0.0, 0.0, 1.0, 1.0, 1.0]
['index_middle_phalange_r_lra', 0.0, 0.0, 0.0, 0.0, 0.0, 0.0, 1.0, 1.0, 1.0]
['index_proximal_phalange_l_lra', 0.0, 0.0, 0.0, 0.0, 0.0, 0.0, 1.0, 1.0, 1.0]
['index_proximal_phalange_r_lra', 0.0, 0.0, 0.0, 0.0, 0.0, 0.0, 1.0, 1.0, 1.0]
['jaw_lra', 0.0, 0.0, 0.0, 0.0, 0.0, 0.0, 1.0, 1.0, 1.0]
['lowerarm_l_lra', 2.842170943040401e-14, 7.105427357601002e-15, -2.842170943040401e-14, -1.1927080055488188e-15, -3.1805546814635168e-15, 1.5902773407317584e-15, 1.0, 1.0, 0.9999999999999999]
['lowerarm_r_lra', 0.0, 0.0, 0.0, 0.0, 0.0, 0.0, 1.0, 1.0, 1.0]
['lowerarm_twist_01_l_lra', 0.0, 0.0, 0.0, 0.0, 0.0, 0.0, 1.0, 1.0, 1.0]
['lowerarm_twist_01_r_lra', 0.0, 0.0, 0.0, 0.0, 0.0, 0.0, 1.0, 1.0, 1.0]
['middle_01_l_lra', 0.0, 0.0, 0.0, 0.0, 0.0, 0.0, 1.0, 1.0, 1.0]
['middle_01_r_lra', 0.0, 0.0, 0.0, 0.0, 0.0, 0.0, 1.0, 1.0, 1.0]
['middle_02_l_lra', 0.0, 0.0, 0.0, 0.0, 0.0, 0.0, 1.0, 1.0, 1.0]
['middle_02_r_lra', 0.0, 0.0, 0.0, 0.0, 0.0, 0.0, 1.0, 1.0, 1.0]
['middle_03_l_lra', 1.4210854715202004e-13, 2.842170943040401e-14, 0.0, -7.355032700884382e-15, -9.939233379573493e-15, 0.0, 0.9999999999999998, 1.0, 1.0]
['middle_03_r_lra', 0.0, 0.0, 0.0, 0.0, 0.0, 0.0, 1.0, 1.0, 1.0]
['middle_distal_phalange_l_lra', 0.0, 0.0, 0.0, 0.0, 0.0, 0.0, 1.0, 1.0, 1.0]
['middle_distal_phalange_r_lra', 0.0, 0.0, 0.0, 0.0, 0.0, 0.0, 1.0, 1.0, 1.0]
['middle_metacarpal_l_lra', 0.0, 0.0, 0.0, 0.0, 0.0, 0.0, 1.0, 1.0, 1.0]
['middle_metacarpal_r_lra', 0.0, 0.0, 0.0, 0.0, 0.0, 0.0, 1.0, 1.0, 1.0]
['middle_metatarsal_l_lra', 0.0, 0.0, 0.0, 0.0, 0.0, 0.0, 1.0, 1.0, 1.0]
['middle_metatarsal_r_lra', 0.0, 0.0, 0.0, 0.0, 0.0, 0.0, 1.0, 1.0, 1.0]
['middle_middle_phalange_l_lra', 0.0, 0.0, 0.0, 0.0, 0.0, 0.0, 1.0, 1.0, 1.0]
['middle_middle_phalange_r_lra', 0.0, 0.0, 0.0, 0.0, 0.0, 0.0, 1.0, 1.0, 1.0]
['middle_proximal_phalange_l_lra', 0.0, 0.0, 0.0, 0.0, 0.0, 0.0, 1.0, 1.0, 1.0]
['middle_proximal_phalange_r_lra', 0.0, 0.0, 0.0, 0.0, 0.0, 0.0, 1.0, 1.0, 1.0]
['muscle_belly_lra', 0.0, 0.0, 0.0, 0.0, 0.0, 0.0, 1.0, 1.0, 1.0]
['muscle_jowles_lra', 0.0, 0.0, 0.0, 0.0, 0.0, 0.0, 1.0, 1.0, 1.0]
['muscle_tail_bott_lra', 0.0, 0.0, 0.0, 0.0, 0.0, 0.0, 1.0, 1.0, 1.0]
['muscle_thigh_l_lra', 0.0, 0.0, 0.0, 0.0, 0.0, 0.0, 1.0, 1.0, 1.0]
['muscle_thigh_r_lra', 0.0, 0.0, 0.0, 0.0, 0.0, 0.0, 1.0, 1.0, 1.0]
['neck_01_lra', 0.0, 0.0, 0.0, 0.0, 0.0, 0.0, 1.0, 1.0, 1.0]
['pelvis_lra', 0.0, 0.0, 0.0, 0.0, 0.0, 0.0, 1.0, 1.0, 1.0]
['pinky_01_l_lra', 0.0, 0.0, 0.0, -1.1927080055488186e-14, 3.1805546814635168e-15, -6.3611093629270335e-15, 1.0, 1.0000000000000002, 1.0000000000000002]
['pinky_01_r_lra', 0.0, 0.0, 0.0, 0.0, 0.0, 0.0, 1.0, 1.0, 1.0]
['pinky_02_l_lra', 0.0, 0.0, 0.0, 0.0, 0.0, 0.0, 1.0, 1.0, 1.0]
['pinky_02_r_lra', 0.0, 0.0, 0.0, 0.0, 0.0, 0.0, 1.0, 1.0, 1.0]
['pinky_03_l_lra', 0.0, 0.0, 0.0, 0.0, 0.0, 0.0, 1.0, 1.0, 1.0]
['pinky_03_r_lra', 0.0, 0.0, 0.0, 0.0, 0.0, 0.0, 1.0, 1.0, 1.0]
['pinky_distal_phalange_l_lra', 0.0, 0.0, 0.0, 0.0, 0.0, 0.0, 1.0, 1.0, 1.0]
['pinky_distal_phalange_r_lra', 0.0, 0.0, 0.0, 0.0, 0.0, 0.0, 1.0, 1.0, 1.0]
['pinky_metacarpal_l_lra', 0.0, 0.0, 0.0, 0.0, 0.0, 0.0, 1.0, 1.0, 1.0]
['pinky_metacarpal_r_lra', 0.0, 0.0, 0.0, 0.0, 0.0, 0.0, 1.0, 1.0, 1.0]
['pinky_metatarsal_l_lra', 0.0, 0.0, 0.0, 0.0, 0.0, 0.0, 1.0, 1.0, 1.0]
['pinky_metatarsal_r_lra', 0.0, 0.0, 0.0, 0.0, 0.0, 0.0, 1.0, 1.0, 1.0]
['pinky_middle_phalange_l_lra', 0.0, 0.0, 0.0, 0.0, 0.0, 0.0, 1.0, 1.0, 1.0]
['pinky_middle_phalange_r_lra', 0.0, 0.0, 0.0, 0.0, 0.0, 0.0, 1.0, 1.0, 1.0]
['pinky_proximal_phalange_l_lra', 0.0, 0.0, 0.0, 0.0, 0.0, 0.0, 1.0, 1.0, 1.0]
['pinky_proximal_phalange_r_lra', 0.0, 0.0, 0.0, 0.0, 0.0, 0.0, 1.0, 1.0, 1.0]
['ring_01_l_lra', 5.684341886080802e-14, 0.0, -3.552713678800501e-15, -5.9635400277440935e-15, 9.14409470920761e-15, -9.54166404439055e-15, 1.0, 1.0, 1.0]
['ring_01_r_lra', 0.0, 0.0, 0.0, 0.0, 0.0, 0.0, 1.0, 1.0, 1.0]
['ring_02_l_lra', 0.0, 0.0, 0.0, 0.0, 0.0, 0.0, 1.0, 1.0, 1.0]
['ring_02_r_lra', 0.0, 0.0, 0.0, 0.0, 0.0, 0.0, 1.0, 1.0, 1.0]
['ring_03_l_lra', 0.0, 0.0, 0.0, 0.0, 0.0, 0.0, 1.0, 1.0, 1.0]
['ring_03_r_lra', 0.0, 0.0, 0.0, 0.0, 0.0, 0.0, 1.0, 1.0, 1.0]
['ring_distal_phalange_l_lra', 0.0, 0.0, 0.0, 0.0, 0.0, 0.0, 1.0, 1.0, 1.0]
['ring_distal_phalange_r_lra', 0.0, 0.0, 0.0, 0.0, 0.0, 0.0, 1.0, 1.0, 1.0]
['ring_metacarpal_l_lra', 0.0, 0.0, 0.0, 0.0, 0.0, 0.0, 1.0, 1.0, 1.0]
['ring_metacarpal_r_lra', 0.0, 0.0, 0.0, 0.0, 0.0, 0.0, 1.0, 1.0, 1.0]
['ring_metatarsal_l_lra', 0.0, 0.0, 0.0, 0.0, 0.0, 0.0, 1.0, 1.0, 1.0]
['ring_metatarsal_r_lra', 0.0, 0.0, 0.0, 0.0, 0.0, 0.0, 1.0, 1.0, 1.0]
['ring_middle_phalange_l_lra', 0.0, 0.0, 0.0, 0.0, 0.0, 0.0, 1.0, 1.0, 1.0]
['ring_middle_phalange_r_lra', 0.0, 0.0, 0.0, 0.0, 0.0, 0.0, 1.0, 1.0, 1.0]
['ring_proximal_phalange_l_lra', 0.0, 0.0, 0.0, 0.0, 0.0, 0.0, 1.0, 1.0, 1.0]
['ring_proximal_phalange_r_lra', 0.0, 0.0, 0.0, 0.0, 0.0, 0.0, 1.0, 1.0, 1.0]
['root_lra', 0.0, 0.0, 0.0, 0.0, 0.0, 0.0, 1.0, 1.0, 1.0]
['spine_01_lra', 0.0, 0.0, 0.0, 0.0, 0.0, 0.0, 1.0, 1.0, 1.0]
['spine_02_lra', 0.0, 0.0, 0.0, 0.0, 0.0, 0.0, 1.0, 1.0, 1.0]
['spine_03_lra', 0.0, 0.0, 0.0, 0.0, 0.0, 0.0, 1.0, 1.0, 1.0]
['tail_01_lra', 0.0, 0.0, 0.0, 0.0, 0.0, 0.0, 1.0, 1.0, 1.0]
['tail_02_lra', 0.0, 0.0, 0.0, 0.0, 0.0, 0.0, 1.0, 1.0, 1.0]
['tail_03_lra', 0.0, 0.0, 0.0, 0.0, 0.0, 0.0, 1.0, 1.0, 1.0]
['tail_04_lra', 0.0, 0.0, 0.0, 0.0, 0.0, 0.0, 1.0, 1.0, 1.0]
['tail_armor_01_lra', 0.0, 0.0, 0.0, 0.0, 0.0, 0.0, 1.0, 1.0, 1.0]
['tail_armor_02_lra', 0.0, 0.0, 0.0, 0.0, 0.0, 0.0, 1.0, 1.0, 1.0]
['tail_armor_03_lra', 0.0, 0.0, 0.0, 0.0, 0.0, 0.0, 1.0, 1.0, 1.0]
['thigh_l_lra', 0.0, 0.0, 0.0, 0.0, 0.0, 0.0, 1.0, 1.0, 1.0]
['thigh_r_lra', 0.0, 0.0, 0.0, 0.0, 0.0, 0.0, 1.0, 1.0, 1.0]
['thigh_twist_01_l_lra', 0.0, 0.0, 0.0, 0.0, 0.0, 0.0, 1.0, 1.0, 1.0]
['thigh_twist_01_r_lra', 0.0, 0.0, 0.0, 0.0, 0.0, 0.0, 1.0, 1.0, 1.0]
['thigh_twist_02_l_lra', 0.0, 0.0, 0.0, 0.0, 0.0, 0.0, 1.0, 1.0, 1.0]
['thigh_twist_02_r_lra', 0.0, 0.0, 0.0, 0.0, 0.0, 0.0, 1.0, 1.0, 1.0]
['throttle_pivot_lra', 0.0, 0.0, 0.0, 0.0, 0.0, 0.0, 1.0, 1.0, 1.0]
['thumb_01_l_lra', 0.0, -2.842170943040401e-14, 7.105427357601002e-15, 1.590277340731758e-15, 1.5902773407317576e-15, -1.5902773407317578e-14, 1.0000000000000004, 1.0000000000000002, 1.0000000000000007]
['thumb_01_r_lra', 0.0, 0.0, 0.0, 0.0, 0.0, 0.0, 1.0, 1.0, 1.0]
['thumb_02_l_lra', -2.842170943040401e-14, -2.842170943040401e-14, 7.105427357601002e-15, -1.749305074804934e-14, 1.5902773407317584e-15, -3.1805546814635168e-15, 1.0, 1.0, 1.0]
['thumb_02_r_lra', 0.0, 0.0, 0.0, 0.0, 0.0, 0.0, 1.0, 1.0, 1.0]
['thumb_03_l_lra', 2.842170943040401e-14, 0.0, 7.105427357601002e-15, -3.180554681463516e-15, 1.1131941385122302e-14, 6.36110936292703e-15, 1.0000000000000004, 1.0000000000000002, 1.0000000000000004]
['thumb_03_r_lra', 0.0, 0.0, 0.0, 0.0, 0.0, 0.0, 1.0, 1.0, 1.0]
['toe_big_a_l_lra', 0.0, 0.0, 0.0, 0.0, 0.0, 0.0, 1.0, 1.0, 1.0]
['toe_big_a_r_lra', 0.0, 0.0, 0.0, 0.0, 0.0, 0.0, 1.0, 1.0, 1.0]
['toe_mid_a_l_lra', 0.0, 0.0, 0.0, 0.0, 0.0, 0.0, 1.0, 1.0, 1.0]
['toe_mid_a_r_lra', 0.0, 0.0, 0.0, 0.0, 0.0, 0.0, 1.0, 1.0, 1.0]
['toe_pink_a_l_lra', 0.0, 0.0, 0.0, 0.0, 0.0, 0.0, 1.0, 1.0, 1.0]
['toe_pink_a_r_lra', 0.0, 0.0, 0.0, 0.0, 0.0, 0.0, 1.0, 1.0, 1.0]
['tongue_01_lra', 0.0, 0.0, 0.0, 0.0, 0.0, 0.0, 1.0, 1.0, 1.0]
['tongue_02_lra', 0.0, 0.0, 0.0, 0.0, 0.0, 0.0, 1.0, 1.0, 1.0]
['tongue_03_lra', 0.0, 0.0, 0.0, 0.0, 0.0, 0.0, 1.0, 1.0, 1.0]
['upperarm_l_lra', 0.0, 0.0, 0.0, 0.0, 0.0, 0.0, 1.0, 1.0, 1.0]
['upperarm_r_lra', 0.0, 0.0, 0.0, 0.0, 0.0, 0.0, 1.0, 1.0, 1.0]
['upperarm_twist_01_l_lra', 0.0, 0.0, 0.0, 0.0, 0.0, 0.0, 1.0, 1.0, 1.0]
['upperarm_twist_01_r_lra', 0.0, 0.0, 0.0, 0.0, 0.0, 0.0, 1.0, 1.0, 1.0]
['upperarm_twist_02_l_lra', 0.0, 0.0, 0.0, 0.0, 0.0, 0.0, 1.0, 1.0, 1.0]
['upperarm_twist_02_r_lra', 0.0, 0.0, 0.0, 0.0, 0.0, 0.0, 1.0, 1.0, 1.0]
