['ball_mover_l', 12.064855266897624, 2.9930550516698067, -2.4097764205087984, -7.333640360295812e-16, 9.321250451828803, -3.835345005314026e-14, 1.0, 1.0, 1.0]
['ball_mover_r', -12.064855575561523, -2.9930551052093506, 2.409776449203491, -7.333640360295812e-16, 9.321250451828803, -3.835345005314026e-14, 1.0, 1.0, 1.0]
['bicep_muscle_l_mover', -18.845075199288345, -53.92020909611317, -40.71002340131421, 0.0, 0.0, 0.0, 1.0, 1.0, 1.0]
['bicep_muscle_r_mover', 18.845075607299805, 53.92020797729492, 40.71002197265625, 0.0, 0.0, 0.0, 1.0, 1.0, 1.0]
['bigtoe_distal_phalange_mover_l', 17.21887334526251, 1.9305624285273408, -0.4194863274319367, 0.0, 0.0, -1.3667295992131252, 1.0, 1.0, 1.0]
['bigtoe_distal_phalange_mover_r', -0.0, -0.0, -0.0, 0.0, 0.0, -1.3667295992131252, 1.0, 1.0, 1.0]
['bigtoe_metatarsal_mover_l', -21.998709794822332, 1.629510969649706, 1.8327250265294062, 2.1029167951735706, -10.307572359984762, -13.245355845736027, 1.0, 1.0, 1.0]
['bigtoe_metatarsal_mover_r', 21.99871063232422, -1.6295109987258911, -1.8327250480651855, 2.1029167951735706, -10.307572359984762, -13.245355845736027, 1.0, 1.0, 1.0]
['bigtoe_proximal_phalange_mover_l', 9.676814385512237, -0.5714808155174289, 1.794810188224215, 9.333495312727198, -8.57275582384829, 4.775999085507983, 1.0, 1.0, 1.0]
['bigtoe_proximal_phalange_mover_r', -0.0, -0.0, -0.0, 9.333495312727198, -8.57275582384829, 4.775999085507983, 1.0, 1.0, 1.0]
['calf_mover_l', 30.93253729064366, 4.472019206764408, 0.4088761667222265, 0.49464831427646366, -0.5656975322478178, -37.054708454669594, 0.7850661703366655, 0.7850661703366655, 0.7850661703366655]
['calf_mover_r', -30.932537078857422, -4.472019195556641, -0.4088761806488037, 0.49464831427646366, -0.5656975322478178, -37.054708454669594, 0.7850661703366655, 0.7850661703366655, 0.7850661703366655]
['calf_twist_01_mover_l', 19.438137534870748, -0.7769146775486782, -3.5609476753132725, -1.4392063167186155, -2.27297385872699, 0.4961757271981603, 1.0, 1.0, 1.0]
['calf_twist_01_mover_r', -19.43813705444336, 0.776914656162262, 3.5609476566314697, -1.4392063167186155, -2.27297385872699, 0.4961757271981603, 1.0, 1.0, 1.0]
['chain_01_mover', 28.18064535861086, 13.297832514948208, -11.894927555306456, -14.531808818541577, 22.537839373475492, -61.53635029401561, 0.4, 0.4, 0.4]
['chain_02_mover', -2.1316282072803006e-14, 10.109967802478081, -5.684341886080802e-14, 0.22529268077105982, -0.01196913597037217, -4.514543065848828, 1.0, 1.0, 1.0]
['chain_03_mover', -2.984279490192421e-13, 8.534160605400928, -1.1368683772161603e-13, -0.21664848943769055, 0.028462815720320958, 4.372318032648325, 1.0, 1.0, 1.0]
['chain_04_mover', -2.2026824808563106e-13, 8.99916079619237, -5.684341886080802e-14, 0.28921740696288245, -0.012130232771088342, -5.793404191358348, 1.0, 1.0, 1.0]
['chain_05_mover', -3.481659405224491e-13, 8.084663462095989, 2.8421709430404007e-13, 0.0, 0.0, 5.395907648343623, 1.0, 1.0, 1.0]
['chain_06_mover', -3.197442310920451e-13, 6.131994812382516, -3.979039320256561e-13, 0.0, 0.0, -2.750210893554805, 1.0, 1.0, 1.0]
['chain_07_mover', -2.2737367544323206e-13, 7.845561638206448, 1.1368683772161603e-13, 0.0, 0.0, 0.0, 1.0, 1.0, 1.0]
['chin_tent_a_l_01_mover', 23.42132131069094, -29.3270185719889, -40.44176454346746, -95.02605192081931, -2.457171154433066, 26.740000155419956, 0.3, 0.3, 0.3]
['chin_tent_a_l_02_mover', 7.815970093361102e-14, 41.1094955472779, 2.2737367544323206e-13, 14.648408783609995, -3.4093002586484586, 4.558681131591992, 1.0, 1.0, 1.0]
['chin_tent_a_r_01_mover', -23.421321868896484, 29.32701873779297, 40.44176483154297, -95.02605438232422, -2.4571712017059326, 26.739999771118164, 0.3, 0.3, 0.3]
['chin_tent_a_r_02_mover', -7.815970093361102e-14, -41.1094970703125, -2.2737367544323206e-13, 14.648408889770506, -3.4093003273010254, 4.558681011199951, 1.0, 1.0, 1.0]
['chin_tent_c_l_01_mover', 31.078495872234953, -17.75516653614534, -38.21086275761593, -100.481599134529, -8.040832989318735, 27.797160131207875, 0.3, 0.3, 0.3]
['chin_tent_c_l_02_mover', 5.684341886080802e-14, 78.6223707516101, -3.410605131648481e-13, 6.931238531166787, -5.712685543848471, 11.62902650423617, 1.0, 1.0, 1.0]
['chin_tent_c_r_01_mover', -31.078495025634766, 17.75516700744629, 38.21086120605469, -100.48159790039062, -8.04083251953125, 27.79715919494629, 0.3, 0.3, 0.3]
['chin_tent_c_r_02_mover', -5.684341886080802e-14, -78.62236785888672, 3.410605131648481e-13, 6.931238651275635, -5.712685585021973, 11.629026412963867, 1.0, 1.0, 1.0]
['chin_tent_d_l_01_mover', 35.95114982898701, -20.611669440860766, -28.72346085123195, -116.64154813561127, -23.00437297347658, 32.86833666627422, 0.3, 0.3, 0.3]
['chin_tent_d_l_02_mover', 4.547473508864641e-13, 43.500034223831335, -3.410605131648481e-13, 15.242623720287462, -3.8804358636370635, 19.839236598253777, 1.0, 1.0, 1.0]
['chin_tent_d_r_01_mover', -35.951148986816406, 20.611669540405273, 28.723461151123047, -116.64154815673828, -23.00437355041504, 32.86833572387695, 0.3, 0.3, 0.3]
['chin_tent_d_r_02_mover', -4.547473508864641e-13, -43.50003433227539, 3.410605131648481e-13, 15.242623329162598, -3.8804359436035156, 19.839237213134766, 1.0, 1.0, 1.0]
['chin_tent_e_l_01_mover', 37.897010612257475, -12.846298501847684, -28.60871142091014, -102.76385290123362, -10.61815909628687, 44.79028537554845, 0.3, 0.3, 0.3]
['chin_tent_e_l_02_mover', -3.126388037344441e-13, 119.34908561315979, -7.958078640513122e-13, 9.397990737749893, -6.028426628153215, 8.134040194029666, 1.0, 1.0, 1.0]
['chin_tent_e_r_01_mover', -37.897010803222656, 12.846298217773438, 28.60871124267578, -102.76385498046875, -10.618159294128418, 44.790287017822266, 0.3, 0.3, 0.3]
['chin_tent_e_r_02_mover', 3.126388037344441e-13, -119.34908294677734, 7.958078640513122e-13, 9.397991180419922, -6.028426647186279, 8.134039878845215, 1.0, 1.0, 1.0]
['chin_tent_f_l_01_mover', 44.17046449093132, -11.560940829336857, -19.40095329219048, -106.22353574632626, -19.315795540211205, 41.08900563399345, 0.3, 0.3, 0.3]
['chin_tent_f_l_02_mover', 1.7621459846850485e-12, 139.46125132241332, -1.7053025658242404e-12, 9.516211087578853, -1.789432876095393, 14.045662354944, 1.0, 1.0, 1.0]
['chin_tent_f_r_01_mover', -44.17046356201172, 11.560940742492676, 19.40095329284668, -106.2235336303711, -19.3157958984375, 41.08900451660156, 0.3, 0.3, 0.3]
['chin_tent_f_r_02_mover', -1.7621459846850485e-12, -139.4612579345703, 1.7053025658242404e-12, 9.51621150970459, -1.7894328832626343, 14.045661926269531, 1.0, 1.0, 1.0]
['chin_tent_g_l_01_mover', 44.621726517690675, -1.8491826286951891, -13.658754055151007, -104.60268962995198, -18.61680807997514, 63.403366183378154, 0.3, 0.3, 0.3]
['chin_tent_g_l_02_mover', 4.547473508864641e-13, 144.17466793075755, -1.1368683772161603e-12, 16.341087735369577, -8.358105995925529, 15.741401261654504, 1.0, 1.0, 1.0]
['chin_tent_g_r_01_mover', -44.621726989746094, 1.8491826057434082, 13.658754348754883, -104.60269165039062, -18.61680793762207, 63.403366088867195, 0.3, 0.3, 0.3]
['chin_tent_g_r_02_mover', -4.547473508864641e-13, -144.17466735839844, 1.1368683772161603e-12, 16.341087341308594, -8.358105659484863, 15.741401672363283, 1.0, 1.0, 1.0]
['chin_tent_h_l_01_mover', 44.15437590191769, 0.2284421627692268, -3.056538120883147, -125.82703859094293, -26.64960743327918, 90.88887064164092, 0.3, 0.3, 0.3]
['chin_tent_h_l_02_mover', -3.410605131648481e-13, 102.88377338953819, -3.410605131648481e-13, 23.84775649318073, -0.9879416396931292, 11.12230505345682, 1.0, 1.0, 1.0]
['chin_tent_h_r_01_mover', -44.15437698364258, -0.22844216227531433, 3.0565381050109863, -125.82704162597656, -26.649606704711914, 90.88887023925781, 0.3, 0.3, 0.3]
['chin_tent_h_r_02_mover', 3.410605131648481e-13, -102.88377380371094, 3.410605131648481e-13, 23.84775733947754, -0.9879416227340699, 11.122304916381836, 1.0, 1.0, 1.0]
['chin_tent_i_l_01_mover', 41.20851810593048, 3.9452717046754913, 4.269134489380008, -145.87558699079682, -40.04498777797736, 115.23386426273099, 0.3, 0.3, 0.3]
['chin_tent_i_l_02_mover', -1.5916157281026244e-12, 54.385871395317736, 7.958078640513122e-13, 30.128180583412032, -17.642310066057835, 9.186715542365068, 1.0, 1.0, 1.0]
['chin_tent_i_r_01_mover', -41.208518981933594, -3.9452717304229736, -4.269134521484375, -145.87557983398438, -40.044986724853516, 115.2338638305664, 0.3, 0.3, 0.3]
['chin_tent_i_r_02_mover', 1.5916157281026244e-12, -54.38587188720703, -7.958078640513122e-13, 30.12818145751953, -17.642309188842773, 9.186715126037598, 1.0, 1.0, 1.0]
['chin_tent_k_l_01_mover', 38.65479040371412, -1.321582741631957, 19.81491033467114, -139.32001239812521, -35.20954202437052, 126.15876747594169, 0.3, 0.3, 0.3]
['chin_tent_k_l_02_mover', -1.1368683772161603e-12, 47.47287883408467, -1.1368683772161603e-13, 21.935829648954616, -11.319649860591744, 3.5986751097478873, 1.0, 1.0, 1.0]
['chin_tent_k_r_01_mover', -38.654788970947266, 1.3215827941894531, -19.814910888671875, -139.32000732421875, -35.20954132080078, 126.15876770019533, 0.3, 0.3, 0.3]
['chin_tent_k_r_02_mover', 1.1368683772161603e-12, -47.472877502441406, 1.1368683772161603e-13, 21.935829162597656, -11.319649696350098, 3.5986750125885005, 1.0, 1.0, 1.0]
['clavicle_mover_l', 8.197674630134337, -10.521898898457213, -13.659680227777045, 154.1477822258071, 174.85157178497093, 180.49713495559007, 1.0, 1.0, 1.0]
['clavicle_mover_r', -8.197674751281738, 10.521899223327637, 13.659680366516113, 154.1477822258071, 174.85157178497093, 180.49713495559007, 1.0, 1.0, 1.0]
['eyeball_l_mover', 17.237955981457308, -32.96836528910542, -4.898455427522322, -3.6854922338564, -6.561958704224408e-15, -1.748987109111382e-14, 0.3, 0.3, 0.3]
['eyeball_r_mover', -17.23795509338379, 32.96836471557617, 4.898455619812012, -3.6854922771453857, -6.5619587366649076e-15, -1.7489871719953906e-14, 0.3, 0.3, 0.3]
['eyebrow_in_l_mover', 19.997891672182924, -47.443486309351485, -0.28348196597983133, -14.534040937081677, -19.083201143031204, 38.487975167479846, 0.3, 0.3, 0.3]
['eyebrow_in_r_mover', -19.997892379760742, 47.443485260009766, 0.2834819555282593, -14.534041404724121, -19.083200454711914, 38.48797607421875, 0.3, 0.3, 0.3]
['eyebrow_mid_mover', 6.020641658854228e-14, -55.08460126175167, -9.329596580087923, -15.008263031028726, -1.2816130136191449e-14, -1.595594941901515e-14, 0.3, 0.3, 0.3]
['eyelid_bott_l_mover', 17.237955981457315, -32.97288011938748, -4.964478747400221, 12.888295389578326, -35.881409319593, 28.02749912360327, 0.3, 0.3, 0.3]
['eyelid_bott_r_mover', -17.23795509338379, 32.97288131713867, 4.964478969573975, 12.888295173645021, -35.88140869140625, 28.027498245239258, 0.3, 0.3, 0.3]
['eyelid_top_l_mover', 17.237955981457308, -32.96461630048937, -4.843631511858575, 12.888295389578326, -35.881409319593, 28.02749912360327, 0.3, 0.3, 0.3]
['eyelid_top_r_mover', -17.23795509338379, 32.96461486816406, 4.843631744384766, 12.888295173645021, -35.88140869140625, 28.027498245239258, 0.3, 0.3, 0.3]
['fin_arm_a_l_mover', 5.748942200084429, 22.801914707323448, -2.5367824998051276, 38.360737886173894, 35.24467199121625, 38.20809486482518, 0.2593823486059773, 0.2593823486059773, 0.2593823486059773]
['fin_arm_a_r_mover', -5.7489423751831055, -22.80191421508789, 2.5367825031280518, 38.36073684692383, 35.24467086791992, 38.20809555053711, 0.2593823486059773, 0.2593823486059773, 0.2593823486059773]
['fin_arm_b_l_01_mover', -1.1581932211023513, 24.866910426574627, 9.869191567775218, 41.03830616176807, 36.2550215315028, 47.02152381068124, 0.3, 0.3, 0.3]
['fin_arm_b_l_02_mover', 1.2196295529065537e-08, 82.03128384922758, -1.8122818801202811e-09, 0.0, 0.0, 0.0, 1.0, 1.0, 1.0]
['fin_arm_b_r_01_mover', 1.1581932306289673, -24.866910934448242, -9.86919116973877, 41.038307189941406, 36.25502014160156, 47.021522521972656, 0.3, 0.3, 0.3]
['fin_arm_b_r_02_mover', -1.2196295529065537e-08, -82.03128051757812, 1.8122818801202811e-09, 0.0, 0.0, 0.0, 1.0, 1.0, 1.0]
['fin_arm_c_l_01_mover', 0.2655318137501297, 26.965593644696963, 7.819469761790842, 51.19565164964859, 9.747425870588593, 32.70659521365525, 0.3, 0.3, 0.3]
['fin_arm_c_l_02_mover', 8.486119895678712e-08, 90.45913992682463, 2.0941115508321673e-10, 0.0, 0.0, 0.0, 1.0, 1.0, 1.0]
['fin_arm_c_r_01_mover', -0.2655318081378937, -26.965593338012695, -7.819469928741455, 51.19565200805664, 9.74742603302002, 32.70659637451172, 0.3, 0.3, 0.3]
['fin_arm_c_r_02_mover', -8.486119895678712e-08, -90.45913696289062, -2.0941115508321673e-10, 0.0, 0.0, 0.0, 1.0, 1.0, 1.0]
['fin_arm_d_l_01_mover', -9.528430939570185, 18.42459130128719, 12.430764443021857, 48.070859548150914, -3.1585402395803546, 60.89949257460803, 0.3, 0.3, 0.3]
['fin_arm_d_l_02_mover', 7.356982223427622e-08, 134.23656520749185, -4.490630090003833e-12, 5.456489986203046, 1.279261792891198, 8.092803246532293, 1.4190109070675543, 1.4190109070675543, 1.4190109070675543]
['fin_arm_d_r_01_mover', 9.528430938720703, -18.424591064453125, -12.430764198303223, 48.070858001708984, -3.1585402488708496, 60.89949417114258, 0.3, 0.3, 0.3]
['fin_arm_d_r_02_mover', -7.356982223427622e-08, -134.236572265625, 4.490630090003833e-12, 5.4564900398254395, 1.279261827468872, 8.092803001403809, 1.4190109070675543, 1.4190109070675543, 1.4190109070675543]
['fin_head_a_l_01_mover', 18.195826121861774, -0.3605922271337789, 44.60949937940393, 13.959046484485416, 12.77462656943031, -7.1317835174068955, 0.6, 0.6, 0.6]
['fin_head_a_l_02_mover', 3.7155050788597066, 69.51449711392527, -0.9115389742979687, -11.53219773688111, 1.987846675914698e-16, -15.337713037930197, 1.0, 1.0, 1.0]
['fin_head_a_r_01_mover', -18.195825576782227, 0.36059221625328064, -44.609500885009766, 13.959046363830566, 12.774626731872559, -7.131783485412598, 0.6, 0.6, 0.6]
['fin_head_a_r_02_mover', -3.7155051231384277, -69.51449584960938, 0.9115389585494995, -11.532197952270508, 1.987846699118444e-16, -15.337713241577147, 1.0, 1.0, 1.0]
['fin_head_b_l_01_mover', 31.77988707763722, -4.043318768953881, 38.57487446847142, 6.916146836052176, 33.58750527539861, -18.49154362753626, 0.6, 0.6, 0.6]
['fin_head_b_l_02_mover', 1.647082950897925, 59.56815345782454, -3.1576756483100326, -14.849026389332591, 0.0, -19.130481646436085, 1.0, 1.0, 1.0]
['fin_head_b_r_01_mover', -31.77988624572754, 4.043318748474121, -38.57487487792969, 6.916146755218506, 33.58750534057617, -18.49154281616211, 0.6, 0.6, 0.6]
['fin_head_b_r_02_mover', -1.6470829248428345, -59.568153381347656, 3.1576757431030273, -14.849026679992676, 0.0, -19.130481719970703, 1.0, 1.0, 1.0]
['fin_head_c_l_01_mover', 38.5633391112297, -10.683271918760497, 31.387640880316667, -0.011979538536581392, 33.89800854943663, -25.188971870130477, 0.6, 0.6, 0.6]
['fin_head_c_l_02_mover', 11.112976604083485, 56.58671014148594, -1.111294781095694, 0.0, 0.0, -29.548829585163126, 1.0, 1.0, 1.0]
['fin_head_c_r_01_mover', -38.56333923339844, 10.683272361755371, -31.38763999938965, -0.011979538947343826, 33.89801025390626, -25.18897247314453, 0.6, 0.6, 0.6]
['fin_head_c_r_02_mover', -11.112977027893066, -56.58671188354492, 1.1112947463989258, 0.0, 0.0, -29.548830032348633, 1.0, 1.0, 1.0]
['fin_head_mid_01_mover', -9.15958198638467e-14, 2.4659992215526927, 50.17744492870429, 4.812055532687561, -6.570731170249553e-15, -1.7784573614007495e-14, 0.6, 0.6, 0.6]
['fin_head_mid_02_mover', -2.1290482308675062e-13, 76.22237619183264, 15.518259125778854, -6.592269792667613, 0.0, 0.0, 1.0, 1.0, 1.0]
['fin_scap_a_l_01_mover', 10.810272779721796, 17.163718126415716, 45.20102061992526, -23.29921296622147, -8.265202652765765, -1.5901446187884007, 0.3, 0.3, 0.3]
['fin_scap_a_l_02_mover', 2.007993771258043e-11, 107.08828659183952, -2.0463630789890885e-12, 9.7026102496995, -1.4221391811160446, 1.1373286706278147, 1.0, 1.0, 1.0]
['fin_scap_a_r_01_mover', -10.810273170471191, -17.16371726989746, -45.201019287109375, -23.299213409423828, -8.265202522277832, -1.5901446342468262, 0.3, 0.3, 0.3]
['fin_scap_a_r_02_mover', -2.007993771258043e-11, -107.08828735351562, 2.0463630789890885e-12, 9.70261001586914, -1.4221391677856445, 1.1373286247253418, 1.0, 1.0, 1.0]
['fin_scap_b_l_01_mover', 22.553277662205844, 29.628210010068884, 22.231058986116835, 148.50035696074295, 170.1259629802678, 147.88594571195816, 0.3, 0.3, 0.3]
['fin_scap_b_l_02_mover', -3.410605131648473e-13, 72.14172887121615, 1.0231815394945443e-12, 0.0, 0.0, 0.0, 1.0, 1.0, 1.0]
['fin_scap_b_r_01_mover', -22.55327796936035, -29.628210067749023, -22.23105812072754, 148.50035095214844, 170.12596130371094, 147.8859405517578, 0.3, 0.3, 0.3]
['fin_scap_b_r_02_mover', 3.410605131648481e-13, -72.14173126220703, -1.0231815394945443e-12, 0.0, 0.0, 0.0, 1.0, 1.0, 1.0]
['fin_scap_c_l_01_mover', 32.91790131107693, 28.021056388827432, 10.57557853953088, 118.61139642044436, 162.67440004354768, 117.59573453544718, 0.3, 0.3, 0.3]
['fin_scap_c_l_02_mover', -3.213119823968327, 57.684268635196815, 1.6339713860281222, 0.0, 0.0, 0.0, 1.0, 1.0, 1.0]
['fin_scap_c_r_01_mover', -32.91790008544922, -28.02105712890625, -10.575578689575195, 118.6113967895508, 162.6743927001953, 117.59573364257814, 0.3, 0.3, 0.3]
['fin_scap_c_r_02_mover', 3.2131197452545166, -57.684268951416016, -1.6339713335037231, 0.0, 0.0, 0.0, 1.0, 1.0, 1.0]
['fin_scap_d_l_mover', 30.03976479633872, 24.535158606414313, -15.91196801725279, -79.5216056709484, 18.539562093881027, -33.89731021770032, 0.32259249832682624, 0.32259249832682624, 0.32259249832682624]
['fin_scap_d_r_mover', -30.039764404296875, -24.535158157348633, 15.911968231201172, -79.5216064453125, 18.539562225341797, -33.897308349609375, 0.32259249832682624, 0.32259249832682624, 0.32259249832682624]
['fin_spine_a_01_mover', -2.5132752182176606e-12, 13.703563868249915, 49.65750179864824, -16.907133459820013, -2.5179989832817044e-14, 5.350060196006729e-15, 0.3, 0.3, 0.3]
['fin_spine_a_02_mover', 1.0687423659397541e-12, 93.68122243758914, 0.0, 1.7575238902290449, 0.0, 0.0, 1.0, 1.0, 1.0]
['fin_spine_b_01_mover', -2.323581846938468e-12, 32.66099296848053, 29.914895618007108, -21.41620406411287, -2.5244266644641484e-14, 5.582881142660742e-15, 0.3, 0.3, 0.3]
['fin_spine_b_02_mover', 1.2137602684120883e-12, 107.68682690646378, -9.094947017729282e-13, -2.867977607436251, 0.0, 0.0, 1.0, 1.0, 1.0]
['fin_spine_c_01_mover', -2.2805185644447796e-12, 36.06415794393757, 14.34206125284399, -55.501103943596725, -2.2386769005724354e-14, 9.967777680731264e-16, 0.3, 0.3, 0.3]
['fin_spine_c_02_mover', 7.187680560570763e-13, 93.41824986904527, 1.1368683772161603e-13, 0.0, 0.0, 0.0, 1.0, 1.0, 1.0]
['fin_spine_d_01_mover', -1.6061342224843836e-12, 31.270003555762656, -6.221548546801074, -82.19675737079777, 0.0, 0.0, 0.3, 0.3, 0.3]
['fin_spine_d_02_mover', -2.1941236711152093e-13, 53.59278755006875, 1.2688860806520097e-07, -20.106043010000004, 0.0, 0.0, 1.0, 1.0, 1.0]
['foot_mover_l', 15.014850213990513, -2.1652869610628445, 0.2511249865689109, -12.726711463542966, 10.491752989638243, 13.277767047993907, 1.7638218853523866, 1.7638218853523866, 1.7638218853523866]
['foot_mover_r', -15.014850616455078, 2.1652870178222656, -0.2511249780654907, -12.726711463542966, 10.491752989638243, 13.277767047993907, 1.7638218853523866, 1.7638218853523866, 1.7638218853523866]
['hand_mid_pivot_mover_l', 0.0, 0.0, 0.0, 0.0, 0.0, 0.0, 1.0, 1.0, 1.0]
['hand_mid_pivot_mover_r', 0.0, 0.0, 0.0, 0.0, 0.0, 0.0, 1.0, 1.0, 1.0]
['hand_mover_l', -14.321941076057925, 0.8250242558695788, 3.0162259356814047e-09, 4.818053650292205, 3.3194139750116864, 1.940675624709483, 1.5371775564167707, 1.5371775564167707, 1.5371775564167707]
['hand_mover_r', 14.321941375732422, -0.8250242471694946, -3.0162259356814047e-09, 4.818053650292205, 3.3194139750116864, 1.940675624709483, 1.5371775564167707, 1.5371775564167707, 1.5371775564167707]
['hand_pinky_pivot_mover_l', 14.289998659169674, 5.884537743697606, -3.8576029588898875, 0.0, 0.0, 0.0, 1.0, 1.0, 1.0]
['hand_pinky_pivot_mover_r', 14.289999008178711, 5.884537696838379, -3.857603073120117, 0.0, 0.0, 0.0, 1.0, 1.0, 1.0]
['hand_thumb_pivot_mover_l', 17.005360090797993, -4.829558272137754, -3.3086026554632655, 0.0, 0.0, 0.0, 1.0, 1.0, 1.0]
['hand_thumb_pivot_mover_r', 17.005359649658203, 4.829558372497559, 3.3086025714874268, 0.0, -0.0, -0.0, 1.0, 1.0, 1.0]
['hand_tip_pivot_mover_l', 0.0, 0.0, 0.0, 0.0, 0.0, 0.0, 1.0, 1.0, 1.0]
['hand_tip_pivot_mover_r', -0.0, -0.0, -0.0, 0.0, 0.0, 0.0, 1.0, 1.0, 1.0]
['head_mover', 6.538561085872956, -1.3009141323847278, -1.1970757941196037e-14, 0.0, 0.0, 64.31326255372946, 0.3, 0.3, 0.3]
['heel_pivot_l_mover', -2.2557589465641352, -26.42817312861935, 0.6970362790685752, 11.055540386949339, 0.0, 0.0, 1.0, 1.0, 1.0]
['heel_pivot_r_mover', -2.2557590007781982, -26.428173065185547, -0.6970362663269043, -11.055540084838869, -0.0, 0.0, 1.0, 1.0, 1.0]
['index_01_mover_l', -15.957921781892104, 0.7138956098397955, -0.5774746049839177, 3.796134532689348, 2.983941123602567, 15.528007529394268, 1.1801045496440523, 1.1801045496440523, 1.1801045496440523]
['index_01_mover_r', 15.957921981811523, -0.7138956189155579, 0.5774745941162109, 3.796134532689348, 2.983941123602567, 15.528007529394268, 1.1801045496440523, 1.1801045496440523, 1.1801045496440523]
['index_02_mover_l', 3.4638869420589913, 0.1471760052670561, 0.24512084326224937, -3.315486961042965, -2.3977732955778612, 12.496573475461252, 1.103755808760024, 1.103755808760024, 1.103755808760024]
['index_02_mover_r', -3.4638869762420654, -0.14717601239681244, -0.2451208382844925, -3.315486961042965, -2.3977732955778612, 12.496573475461252, 1.103755808760024, 1.103755808760024, 1.103755808760024]
['index_03_mover_l', 1.8773821569892526, -0.3934644958409734, -0.3455708695633444, 0.1658936088115682, 2.4092570261474537, -2.7550421926402087, 1.0136097510255617, 1.0136097510255617, 1.0136097510255617]
['index_03_mover_r', -1.8773821592330933, 0.39346450567245483, 0.3455708622932434, 0.1658936088115682, 2.4092570261474537, -2.7550421926402087, 1.0136097510255617, 1.0136097510255617, 1.0136097510255617]
['index_distal_phalange_mover_l', 10.880586219320879, 1.3045523836892867, -3.552713678800501e-15, -2.301960259020398e-14, -1.712161566481374, -8.619163347818983, 1.0, 1.0, 1.0]
['index_distal_phalange_mover_r', -0.0, -0.0, -0.0, -2.301960259020398e-14, -1.712161566481374, -8.619163347818983, 1.0, 1.0, 1.0]
['index_metacarpal_mover_l', 3.8909331528997564, 0.3148902197937957, 0.7331637295558691, 7.172964649131211, 24.481603903406317, 38.66962417681255, 1.0, 1.0, 1.0]
['index_metacarpal_mover_r', -3.890933036804199, -0.31489020586013794, -0.7331637144088745, 7.172964649131211, 24.481603903406317, 38.66962417681255, 1.0, 1.0, 1.0]
['index_metatarsal_mover_l', -2.8476505988452896, -3.3168138146940116, 0.8873417644475339, 3.473762066160935e-14, 1.4632415140990857e-14, -1.4326473113525845e-14, 1.0, 1.0, 1.0]
['index_metatarsal_mover_r', 2.8476505279541016, 3.3168137073516846, -0.8873417377471924, 3.473762066160935e-14, 1.4632415140990857e-14, -1.4326473113525845e-14, 1.0, 1.0, 1.0]
['index_middle_phalange_mover_l', 10.333917535570531, 0.22650020330071463, 0.29939631285747836, -1.467021697880642e-14, -3.193404398419101, -2.2144996842309044e-14, 1.0, 1.0, 1.0]
['index_middle_phalange_mover_r', -0.0, -0.0, -0.0, -1.467021697880642e-14, -3.193404398419101, -2.2144996842309044e-14, 1.0, 1.0, 1.0]
['index_proximal_phalange_mover_l', -19.108342662668505, -2.9141183983589434, 7.747627533202802, 1.3184125253951773, -16.063262044868267, -4.160495820856648e-14, 1.0, 1.0, 1.0]
['index_proximal_phalange_mover_r', -0.0, -0.0, -0.0, 1.3184125253951773, -16.063262044868267, -4.160495820856648e-14, 1.0, 1.0, 1.0]
['inside_pivot_l_mover', 18.99467687692687, -3.9667112039367027, -2.6727627840325763, 0.0, 0.0, 0.0, 1.0, 1.0, 1.0]
['inside_pivot_r_mover', 18.99467658996582, -3.9667112827301025, 2.672762870788574, -0.0, -0.0, 0.0, 1.0, 1.0, 1.0]
['jaw_mover', -1.976415958617338e-15, -6.6292927618048765, -17.524832973551497, 4.8702243559910125e-15, -1.292721541430777e-14, -1.7592443081845076e-14, 1.0, 1.0, 1.0]
['lat_muscle_l_mover', 46.33895814758861, 16.228960970852874, 4.700232829172392, 0.0, 0.0, 0.0, 0.4813021003766894, 0.4813021003766894, 0.4813021003766894]
['lat_muscle_r_mover', -46.338958740234375, -16.228960037231445, -4.700232982635498, 0.0, 0.0, 0.0, 0.4813021003766894, 0.4813021003766894, 0.4813021003766894]
['lowerarm_mover_l', 1.5136940819270848, 0.22775463369893156, -0.038409257054183854, -0.9998831211098146, 1.0483606540400165, -27.921554500082127, 1.1237720647336664, 1.1237720647336664, 1.1237720647336664]
['lowerarm_mover_r', -1.5136940479278564, -0.2277546375989914, 0.03840925544500351, -0.9998831211098146, 1.0483606540400165, -27.921554500082127, 1.1237720647336664, 1.1237720647336664, 1.1237720647336664]
['lowerarm_twist_01_mover_l', -39.98884236695388, 3.720629138115328e-09, -2.275518795613607e-08, 6.597230346253053, 0.0, 0.0, 1.0, 1.0, 1.0]
['lowerarm_twist_01_mover_r', 39.98884201049805, -3.720629138115328e-09, 2.275518795613607e-08, 6.597230346253053, 0.0, 0.0, 1.0, 1.0, 1.0]
['middle_01_mover_l', -0.07901443634144556, -1.3257511997248344, 0.3149584095511262, 0.013385816753437496, -1.4632265727564095, -1.0482114654567385, 1.0, 1.0, 1.0]
['middle_01_mover_r', -0.0, -0.0, -0.0, 0.013385816753437496, -1.4632265727564095, -1.0482114654567385, 1.0, 1.0, 1.0]
['middle_02_mover_l', -0.011718057370948998, 0.20010551680836386, -0.26620573455709184, 0.08048332473729751, -1.5838102184798848, 2.5105500808873873, 1.0, 1.0, 1.0]
['middle_02_mover_r', -0.0, -0.0, -0.0, 0.08048332473729751, -1.5838102184798848, 2.5105500808873873, 1.0, 1.0, 1.0]
['middle_03_mover_l', -0.020248962524256342, -0.1827564095919314, -0.3655689125505397, 0.22955289742834906, 2.978315252047741, -1.496583092557777, 1.0, 1.0, 1.0]
['middle_03_mover_r', -0.0, -0.0, -0.0, 0.22955289742834906, 2.978315252047741, -1.496583092557777, 1.0, 1.0, 1.0]
['middle_distal_phalange_mover_l', 8.381187340511215, 1.217085547858023, -0.3400825273060093, 0.20663656018502705, 1.7133875439524429, 12.120137423361706, 1.0, 1.0, 1.0]
['middle_distal_phalange_mover_r', -0.0, -0.0, -0.0, 0.20663656018502705, 1.7133875439524429, 12.120137423361706, 1.0, 1.0, 1.0]
['middle_metacarpal_mover_l', -0.07901443633893379, -1.3257511641999145, 0.3149584000931842, -3.525321839317471e-14, 1.1600948960220997e-15, 2.196570576885741e-14, 1.0, 1.0, 1.0]
['middle_metacarpal_mover_r', 0.07901443541049957, 1.3257511854171753, -0.314958393573761, -3.525321839317471e-14, 1.1600948960220997e-15, 2.196570576885741e-14, 1.0, 1.0, 1.0]
['middle_metatarsal_mover_l', -2.827365956395697, -3.303469604916671, 0.9954062182784611, 3.401702624159027e-14, 5.651385979416868e-15, -1.096033430880311e-14, 1.0, 1.0, 1.0]
['middle_metatarsal_mover_r', 2.8273658752441406, 3.303469657897949, -0.9954062104225159, 3.401702624159027e-14, 5.651385979416868e-15, -1.096033430880311e-14, 1.0, 1.0, 1.0]
['middle_middle_phalange_mover_l', 9.763670077269143, 1.3287321209140917, 0.3233924457802253, -0.11503801744294943, -0.7426712490340899, 10.313120323284855, 1.0287093899716921, 1.0287093899716921, 1.0287093899716921]
['middle_middle_phalange_mover_r', -0.0, -0.0, -0.0, -0.11503801744294943, -0.7426712490340899, 10.313120323284855, 1.0287093899716921, 1.0287093899716921, 1.0287093899716921]
['middle_proximal_phalange_mover_l', -16.268278882875023, 0.1204685981883058, -1.9641768251545138, -0.7083888599021883, -1.0554085451074846, -12.880525763890228, 1.0, 1.0, 1.0]
['middle_proximal_phalange_mover_r', -0.0, -0.0, -0.0, -0.7083888599021883, -1.0554085451074846, -12.880525763890228, 1.0, 1.0, 1.0]
['neck_01_mover', -12.860789882697702, -7.968020572315453, 2.6221469902366685e-12, 0.0, 0.0, -1.9002159191439596, 1.0, 1.0, 1.0]
['neck_02_mover', -3.8839072456346173, -3.8420385986878074, 7.27271107926166e-14, 0.0, 0.0, -38.85274199584414, 1.0, 1.0, 1.0]
['outside_pivot_l_mover', -0.6947897299368055, -3.9154841937957894, -9.347389615636294, 0.0, 14.444411512512671, 0.0, 1.0, 1.0, 1.0]
['outside_pivot_r_mover', -0.694789707660675, -3.9154841899871826, 9.347389221191406, -0.0, -14.444411277770996, 0.0, 1.0, 1.0, 1.0]
['pec_muscle_l_mover', 20.057179603722094, -26.0602908134226, 15.636630974374361, -30.212548078195518, 0.0, 0.0, 0.3228882760106189, 0.3228882760106189, 0.3228882760106189]
['pec_muscle_r_mover', -20.057180404663086, 26.060291290283203, -15.63663101196289, -30.212547302246094, 0.0, 0.0, 0.3228882760106189, 0.3228882760106189, 0.3228882760106189]
['pelvis_mover', 17.433659199236416, 0.6738928637599777, 1.0097419586828951e-27, 3.304054116367906e-15, -1.2800865195368872e-14, 2.9081451377009317, 1.5681025588053525, 1.5681025588053525, 1.5681025588053525]
['pinky_01_mover_l', -11.590020334141876, -0.0516717830561646, -0.31044880726996027, 2.13568841562785, 8.208493940818002, 20.50220115843417, 1.0765196972446365, 1.0765196972446365, 1.0765196972446365]
['pinky_01_mover_r', 11.590020179748535, 0.05167178437113762, 0.3104487955570221, 2.13568841562785, 8.208493940818002, 20.50220115843417, 1.0765196972446365, 1.0765196972446365, 1.0765196972446365]
['pinky_02_mover_l', 4.504540017416715, -0.19575880831271775, 0.01900452077148085, -0.012188772576493964, -0.0063055230854682145, 14.815411498468098, 1.1420874086177848, 1.1420874086177848, 1.1420874086177848]
['pinky_02_mover_r', -4.504539966583252, 0.19575880467891693, -0.019004520028829575, -0.012188772576493964, -0.0063055230854682145, 14.815411498468098, 1.1420874086177848, 1.1420874086177848, 1.1420874086177848]
['pinky_03_mover_l', 3.0029837292332004, -1.8288736842894053, -0.14427636461293947, -0.018007750033821754, 0.8977896407173127, -6.850060728652301, 1.1186700720494431, 1.1186700720494431, 1.1186700720494431]
['pinky_03_mover_r', -3.002983808517456, 1.828873634338379, 0.14427636563777924, -0.018007750033821754, 0.8977896407173127, -6.850060728652301, 1.1186700720494431, 1.1186700720494431, 1.1186700720494431]
['pinky_distal_phalange_mover_l', 4.59242790052091, -0.9502201783508513, 0.9836686157692114, -2.406875935547999, 6.281085153627369, -7.441303197533957, 1.0, 1.0, 1.0]
['pinky_distal_phalange_mover_r', -0.0, -0.0, -0.0, -2.406875935547999, 6.281085153627369, -7.441303197533957, 1.0, 1.0, 1.0]
['pinky_metacarpal_mover_l', 3.4023201684319204, 0.9650939336184337, -0.7925022445494103, -41.73879736965432, 10.471799934424196, -124.31384501839027, 1.0, 1.0, 1.0]
['pinky_metacarpal_mover_r', -3.402320146560669, -0.9650939106941223, 0.792502224445343, -41.73879736965432, 10.471799934424196, -124.31384501839027, 1.0, 1.0, 1.0]
['pinky_metatarsal_mover_l', -2.806665567242071, -3.2888647775478184, 1.0971508966615673, 2.1860101414199447e-14, -1.92362991025136e-14, -1.052044558149621e-14, 1.0, 1.0, 1.0]
['pinky_metatarsal_mover_r', 2.8066656589508057, 3.288864850997925, -1.0971509218215942, 2.1860101414199447e-14, -1.92362991025136e-14, -1.052044558149621e-14, 1.0, 1.0, 1.0]
['pinky_middle_phalange_mover_l', 14.028462769907108, 7.6539367994819685, -2.496364019355809, -5.741573428243482, 9.68072500222398, 21.528737769443477, 1.100273816350334, 1.100273816350334, 1.100273816350334]
['pinky_middle_phalange_mover_r', -0.0, -0.0, -0.0, -5.741573428243482, 9.68072500222398, 21.528737769443477, 1.100273816350334, 1.100273816350334, 1.100273816350334]
['pinky_proximal_phalange_mover_l', -18.85605343797841, -2.3408851730415514, -4.882159915022527, 1.9409870043122055, 10.99873832325903, -13.359293713197323, 1.0, 1.0, 1.0]
['pinky_proximal_phalange_mover_r', -0.0, -0.0, -0.0, 1.9409870043122055, 10.99873832325903, -13.359293713197323, 1.0, 1.0, 1.0]
['ring_01_mover_l', -0.046927853929325636, -1.3475071327020771, 0.2123219913862826, 0.007842458642760617, -0.9052272494394517, -0.9927180006805816, 1.0, 1.0, 1.0]
['ring_01_mover_r', -0.0, -0.0, -0.0, 0.007842458642760617, -0.9052272494394517, -0.9927180006805816, 1.0, 1.0, 1.0]
['ring_02_mover_l', 0.002655750284596081, 0.16736714613635684, -0.1526370060111386, 0.08686454991084695, 2.2358642494968963, 3.8751180974977215, 1.0, 1.0, 1.0]
['ring_02_mover_r', -0.0, -0.0, -0.0, 0.08686454991084695, 2.2358642494968963, 3.8751180974977215, 1.0, 1.0, 1.0]
['ring_03_mover_l', -0.005745542270787496, -0.3299792683283158, 0.152637007281907, -0.030371051791647154, -1.3322507850519707, -2.8800581643605736, 1.0, 1.0, 1.0]
['ring_03_mover_r', -0.0, -0.0, -0.0, -0.030371051791647154, -1.3322507850519707, -2.8800581643605736, 1.0, 1.0, 1.0]
['ring_distal_phalange_mover_l', -3.019806626980426e-13, -1.1546319456101628e-13, -1.7408297026122455e-13, 4.771841475585388e-14, 1.9288516220911315e-14, -2.1155210157340737e-14, 1.0, 1.0, 1.0]
['ring_distal_phalange_mover_r', -0.0, -0.0, -0.0, 4.771841475585388e-14, 1.9288516220911315e-14, -2.1155210157340737e-14, 1.0, 1.0, 1.0]
['ring_metacarpal_mover_l', -0.060949878522180256, -1.349954359051111, 0.19226693635845393, -0.004516864058010365, -0.9352083027276143, 0.5534412480545645, 1.0, 1.0, 1.0]
['ring_metacarpal_mover_r', 0.06094987690448761, 1.34995436668396, -0.19226694107055664, -0.004516864058010365, -0.9352083027276143, 0.5534412480545645, 1.0, 1.0, 1.0]
['ring_metatarsal_mover_l', -2.846205173327524, -3.291535364323268, 0.981149467774781, 4.651561221640394e-14, 3.80175676768687e-15, -2.4590284583151037e-14, 1.0, 1.0, 1.0]
['ring_metatarsal_mover_r', 2.846205234527588, 3.2915353775024414, -0.9811494946479797, 4.651561221640394e-14, 3.80175676768687e-15, -2.4590284583151037e-14, 1.0, 1.0, 1.0]
['ring_middle_phalange_mover_l', 3.552713678800501e-14, -8.881784197001252e-15, 1.5987211554602254e-13, 1.4312496066585827e-14, 9.349091397661323e-16, -6.516604010134814e-15, 1.0, 1.0, 1.0]
['ring_middle_phalange_mover_r', -0.0, -0.0, -0.0, 1.4312496066585827e-14, 9.349091397661323e-16, -6.516604010134814e-15, 1.0, 1.0, 1.0]
['ring_proximal_phalange_mover_l', -3.2184624836591915, -2.9433482586522044, 0.9359185279440148, 3.9095353296466104e-14, 2.1552994632822786e-14, -1.3945986835714044e-14, 1.0, 1.0, 1.0]
['ring_proximal_phalange_mover_r', -0.0, -0.0, -0.0, 3.9095353296466104e-14, 2.1552994632822786e-14, -1.3945986835714044e-14, 1.0, 1.0, 1.0]
['root_mover', 0.0, 0.0, 0.0, 0.0, 0.0, 0.0, 0.4, 0.4, 0.4]
['spine_01_mover', -8.632595132196201, 4.642610086159085, -8.576415917931999e-16, 0.0, 0.0, 7.412350260936396, 1.1905663220162612, 1.1905663220162612, 1.1905663220162612]
['spine_02_mover', -10.087013841366371, 0.06943069026812054, -3.3124471223928503e-15, 0.0, 0.0, -21.16104606969253, 1.0, 1.0, 1.0]
['spine_03_mover', -7.746841728207045, -0.6763374246638021, -3.724838545393886e-12, 0.0, 0.0, -16.631684459742562, 1.4235585948176364, 1.4235585948176364, 1.4235585948176364]
['thigh_mover_l', -25.17498607797731, -1.440648527959365, 0.7723806808121978, 1.9195462845089888, -8.414218699604113, 18.72040167268714, 0.7994434169418386, 0.7994434169418386, 0.7994434169418386]
['thigh_mover_r', 25.174985885620117, 1.4406485557556152, -0.7723807096481323, 1.9195462845089888, -8.414218699604113, 18.72040167268714, 0.7994434169418386, 0.7994434169418386, 0.7994434169418386]
['thigh_twist_01_mover_l', 0.0, 0.0, 0.0, 0.0, 0.0, 0.0, 1.0, 1.0, 1.0]
['thigh_twist_01_mover_r', -0.0, -0.0, -0.0, 0.0, 0.0, 0.0, 1.0, 1.0, 1.0]
['thigh_twist_02_mover_l', 10.168026907777062, 1.4210854715201978e-14, 1.4210854715201993e-14, 0.0, 0.0, 0.0, 1.0, 1.0, 1.0]
['thigh_twist_02_mover_r', -10.1680269241333, -1.4210854715202004e-14, -1.4210854715202004e-14, 0.0, 0.0, 0.0, 1.0, 1.0, 1.0]
['thumb_01_mover_l', 0.3238298175898322, 0.3072417494856694, -2.302487963507687, 32.659806790315564, 22.962219539549114, 25.594953382991513, 1.0252640310847139, 1.0252640310847139, 1.0252640310847139]
['thumb_01_mover_r', -0.3238298296928406, -0.3072417378425598, 2.302487850189209, 32.659806790315564, 22.962219539549114, 25.594953382991513, 1.0252640310847139, 1.0252640310847139, 1.0252640310847139]
['thumb_02_mover_l', 6.169368643747042, 0.31308803570104793, 0.15607246375950723, 11.25840543901568, -1.4195331969566067, 7.478689864513227, 1.0, 1.0, 1.0]
['thumb_02_mover_r', -6.169368743896484, -0.3130880296230316, -0.1560724675655365, 11.25840543901568, -1.4195331969566067, 7.478689864513227, 1.0, 1.0, 1.0]
['thumb_03_mover_l', -1.5937617897039402, 0.18692217389924792, 0.05618814745469791, -0.09728349126044254, -0.4017082012357205, 1.3849702509823034, 1.0, 1.0, 1.0]
['thumb_03_mover_r', -0.0, -0.0, -0.0, -0.09728349126044254, -0.4017082012357205, 1.3849702509823034, 1.0, 1.0, 1.0]
['toe_index_01_l_mover', -10.458502595590964, 0.521259925584971, 3.711362918372987, 90.3728327415117, 5.396581014873414, -88.79773504139658, 0.3157453766162196, 0.3157453766162196, 0.3157453766162196]
['toe_index_01_r_mover', 10.458502769470215, -0.5212599039077759, -3.711362838745117, 90.37283325195312, 5.396581172943115, -88.79773712158203, 0.3157453766162196, 0.3157453766162196, 0.3157453766162196]
['toe_index_02_l_mover', 46.38418408869718, -2.506974437542162, 1.3910154808097843, 0.023830001416294745, -3.804648364887182, -4.4569199570941676, 1.0, 1.0, 1.0]
['toe_index_02_r_mover', -46.384185791015625, 2.506974458694458, -1.3910155296325684, 0.023830002173781395, -3.804648399353028, -4.456920146942139, 1.0, 1.0, 1.0]
['toe_index_03_l_mover', 47.18301363729694, 5.039450504785336, -0.12466640408854346, -0.06290928916580633, -1.1716627858873103, -4.6544256430457835, 1.0, 1.0, 1.0]
['toe_index_03_r_mover', -47.183013916015625, -5.039450645446777, 0.12466640770435333, -0.06290929019451141, -1.1716628074645996, -4.654425621032715, 1.0, 1.0, 1.0]
['toe_mid_01_l_mover', 2.8984120794166444, 3.032474547684483, 4.152516249140631, 89.41898788129824, 11.965375291348593, -71.96106506213911, 0.3157453766162196, 0.3157453766162196, 0.3157453766162196]
['toe_mid_01_r_mover', -2.898411989212036, -3.0324745178222656, -4.1525163650512695, 89.41899108886719, 11.965374946594238, -71.96106719970705, 0.3157453766162196, 0.3157453766162196, 0.3157453766162196]
['toe_mid_02_l_mover', 43.54367747142882, 0.03820016232202761, 1.1273175562007935, -0.13433537185341096, -0.8954760785490424, 4.080717477591762, 1.0, 1.0, 1.0]
['toe_mid_02_r_mover', -43.543678283691406, -0.03820016235113144, -1.1273175477981567, -0.13433536887168887, -0.8954761028289796, 4.08071756362915, 1.0, 1.0, 1.0]
['toe_mid_03_l_mover', 41.54500051586626, -2.675567955504988, -0.9438142594427745, 0.17515834012006615, 1.4333941252190685, 0.7041493824483629, 1.0, 1.0, 1.0]
['toe_mid_03_r_mover', -41.54500198364258, 2.675567865371704, 0.9438142776489258, 0.17515833675861361, 1.4333940744400024, 0.7041493654251099, 1.0, 1.0, 1.0]
['toe_pinky_01_l_mover', 12.85561623218372, 11.734078639921702, 0.8227361141280829, 94.82569056823502, 14.058944847794299, -64.90781225379673, 0.3157453766162196, 0.3157453766162196, 0.3157453766162196]
['toe_pinky_01_r_mover', -12.855616569519043, -11.734078407287598, -0.8227360844612122, 94.82569122314453, 14.058944702148438, -64.9078140258789, 0.3157453766162196, 0.3157453766162196, 0.3157453766162196]
['toe_pinky_02_l_mover', 59.43346806778145, 10.421988360744393, -7.906256743204835, -5.7415734331664945, 9.68072501015777, 4.884333220660786, 1.0, 1.0, 1.0]
['toe_pinky_02_r_mover', -59.433467864990234, -10.421988487243652, 7.906256675720215, -5.741573333740234, 9.68072509765625, 4.88433313369751, 1.0, 1.0, 1.0]
['toe_pinky_03_l_mover', 23.944490404600657, -1.3964718376150032, 4.5127217514334035, -1.8996437171014153, 2.3977674860016274, 2.4763036823678948, 1.0, 1.0, 1.0]
['toe_pinky_03_r_mover', -23.944490432739258, 1.3964718580245972, -4.512721538543701, -1.8996436595916748, 2.3977675437927246, 2.4763035774230957, 1.0, 1.0, 1.0]
['toe_pivot_l_mover', 5.60488262012849, -13.777499128936125, 9.407101266035262, -9.855164552044263, 0.0, 0.0, 1.0, 1.0, 1.0]
['toe_pivot_r_mover', 5.604882717132568, -13.777499198913574, -9.40710163116455, 9.855164527893066, -0.0, 0.0, 1.0, 1.0, 1.0]
['tricep_muscle_l_mover', -14.304483593741537, 46.331680729557576, 38.55628051575436, 0.0, 0.0, 0.0, 1.0, 1.0, 1.0]
['tricep_muscle_r_mover', 14.304483413696289, -46.33168029785156, -38.55628204345703, 0.0, 0.0, 0.0, 1.0, 1.0, 1.0]
['upperarm_mover_l', -13.138602380588168, -1.1655652012969675, 1.7524257297360748, 9.887089074867314, -24.682044723917777, -5.295776092403087, 0.7851696420865786, 0.7851696420865786, 0.7851696420865786]
['upperarm_mover_r', 13.138602256774902, 1.1655652523040771, -1.7524256706237793, 9.887089074867314, -24.682044723917777, -5.295776092403087, 0.7851696420865786, 0.7851696420865786, 0.7851696420865786]
['upperarm_twist_01_mover_l', 0.0, 0.0, 0.0, 0.0, 0.0, 0.0, 0.4910114277355946, 0.4910114277355946, 0.4910114277355946]
['upperarm_twist_01_mover_r', -0.0, -0.0, -0.0, 0.0, 0.0, 0.0, 0.4910114277355946, 0.4910114277355946, 0.4910114277355946]
['upperarm_twist_02_mover_l', 0.7656071998605967, -2.3715518437938954e-09, -3.120575797765923e-08, -3.877670644446878e-10, 2.2104588664707483e-09, -2.774067866167224e-10, 0.35450980372950935, 0.35450980372950935, 0.35450980372950935]
['upperarm_twist_02_mover_r', -0.7656071782112122, 2.3715518437938954e-09, 3.120575797765923e-08, -3.877670644446878e-10, 2.2104588664707483e-09, -2.774067866167224e-10, 0.35450980372950935, 0.35450980372950935, 0.35450980372950935]
['weapon_r_mover', -1.1934082536100021, -0.18389279488060506, -0.6364103522588351, 1.5521106845541529e-12, 1.5998190047761915e-12, -3.136026915923006e-12, 0.3781777307105216, 0.3781777307105216, 0.3781777307105216]
['ball_mover_offset_l', 0.0, 0.0, 0.0, 0.0, 0.0, 0.0, 1.0, 1.0, 1.0]
['ball_mover_offset_r', -0.0, -0.0, -0.0, 0.0, 0.0, 0.0, 1.0, 1.0, 1.0]
['bicep_muscle_l_mover_offset', 0.0, 0.0, 0.0, 0.0, 0.0, 0.0, 1.0, 1.0, 1.0]
['bicep_muscle_r_mover_offset', -0.0, -0.0, -0.0, 0.0, 0.0, 0.0, 1.0, 1.0, 1.0]
['bigtoe_distal_phalange_mover_offset_l', 0.0, 0.0, 0.0, 0.0, 0.0, 0.0, 1.0, 1.0, 1.0]
['bigtoe_distal_phalange_mover_offset_r', -0.0, -0.0, -0.0, 0.0, 0.0, 0.0, 1.0, 1.0, 1.0]
['bigtoe_metatarsal_mover_offset_l', 0.0, 0.0, 0.0, 0.0, 0.0, 0.0, 1.0, 1.0, 1.0]
['bigtoe_metatarsal_mover_offset_r', -0.0, -0.0, -0.0, 0.0, 0.0, 0.0, 1.0, 1.0, 1.0]
['bigtoe_proximal_phalange_mover_offset_l', 0.0, 0.0, 0.0, 0.0, 0.0, 0.0, 1.0, 1.0, 1.0]
['bigtoe_proximal_phalange_mover_offset_r', -0.0, -0.0, -0.0, 0.0, 0.0, 0.0, 1.0, 1.0, 1.0]
['calf_mover_offset_l', 0.0, 0.0, 0.0, 0.0, 0.0, 0.0, 1.0, 1.0, 1.0]
['calf_mover_offset_r', -0.0, -0.0, -0.0, 0.0, 0.0, 0.0, 1.0, 1.0, 1.0]
['calf_twist_01_mover_offset_l', 0.0, 0.0, 0.0, 0.0, 0.0, 0.0, 1.0, 1.0, 1.0]
['calf_twist_01_mover_offset_r', -0.0, -0.0, -0.0, 0.0, 0.0, 0.0, 1.0, 1.0, 1.0]
['chain_01_mover_offset', 0.0, 0.0, 0.0, 0.0, 0.0, 0.0, 1.0, 1.0, 1.0]
['chain_02_mover_offset', 0.0, 0.0, 0.0, 0.0, 0.0, 0.0, 1.0, 1.0, 1.0]
['chain_03_mover_offset', 0.0, 0.0, 0.0, 0.0, 0.0, 0.0, 1.0, 1.0, 1.0]
['chain_04_mover_offset', 0.0, 0.0, 0.0, 0.0, 0.0, 0.0, 1.0, 1.0, 1.0]
['chain_05_mover_offset', 0.0, 0.0, 0.0, 0.0, 0.0, 0.0, 1.0, 1.0, 1.0]
['chain_06_mover_offset', 0.0, 0.0, 0.0, 0.0, 0.0, 0.0, 1.0, 1.0, 1.0]
['chain_07_mover_offset', 0.0, 0.0, 0.0, 0.0, 0.0, 0.0, 1.0, 1.0, 1.0]
['chin_tent_a_l_01_mover_offset', 0.0, 0.0, 0.0, 0.0, 0.0, 0.0, 1.4566344405827747, 1.4566344405827747, 1.4566344405827747]
['chin_tent_a_l_02_mover_offset', 0.0, 0.0, 0.0, 0.0, 0.0, 0.0, 1.0, 1.0, 1.0]
['chin_tent_a_r_01_mover_offset', -0.0, -0.0, -0.0, 0.0, 0.0, 0.0, 1.4566344405827747, 1.4566344405827747, 1.4566344405827747]
['chin_tent_a_r_02_mover_offset', -0.0, -0.0, -0.0, 0.0, 0.0, 0.0, 1.0, 1.0, 1.0]
['chin_tent_c_l_01_mover_offset', 0.0, 0.0, 0.0, 0.0, 0.0, 0.0, 1.3622771736406991, 1.3622771736406991, 1.3622771736406991]
['chin_tent_c_l_02_mover_offset', 0.0, 0.0, 0.0, 0.0, 0.0, 0.0, 1.0, 1.0, 1.0]
['chin_tent_c_r_01_mover_offset', -0.0, -0.0, -0.0, 0.0, 0.0, 0.0, 1.3622771736406991, 1.3622771736406991, 1.3622771736406991]
['chin_tent_c_r_02_mover_offset', -0.0, -0.0, -0.0, 0.0, 0.0, 0.0, 1.0, 1.0, 1.0]
['chin_tent_d_l_01_mover_offset', 0.0, 0.0, 0.0, 0.0, 0.0, 0.0, 1.5274778790539087, 1.5274778790539087, 1.5274778790539087]
['chin_tent_d_l_02_mover_offset', 0.0, 0.0, 0.0, 0.0, 0.0, 0.0, 1.0, 1.0, 1.0]
['chin_tent_d_r_01_mover_offset', -0.0, -0.0, -0.0, 0.0, 0.0, 0.0, 1.5274778790539087, 1.5274778790539087, 1.5274778790539087]
['chin_tent_d_r_02_mover_offset', -0.0, -0.0, -0.0, 0.0, 0.0, 0.0, 1.0, 1.0, 1.0]
['chin_tent_e_l_01_mover_offset', 0.0, 0.0, 0.0, 0.0, 0.0, 0.0, 1.8402307856176445, 1.8402307856176445, 1.8402307856176445]
['chin_tent_e_l_02_mover_offset', 0.0, 0.0, 0.0, 0.0, 0.0, 0.0, 1.4181598489192515, 1.4181598489192515, 1.4181598489192515]
['chin_tent_e_r_01_mover_offset', -0.0, -0.0, -0.0, 0.0, 0.0, 0.0, 1.8402307856176445, 1.8402307856176445, 1.8402307856176445]
['chin_tent_e_r_02_mover_offset', -0.0, -0.0, -0.0, 0.0, 0.0, 0.0, 1.4181598489192515, 1.4181598489192515, 1.4181598489192515]
['chin_tent_f_l_01_mover_offset', 0.0, 0.0, 0.0, 0.0, 0.0, 0.0, 2.1913739915332258, 2.1913739915332258, 2.1913739915332258]
['chin_tent_f_l_02_mover_offset', 0.0, 0.0, 0.0, 0.0, 0.0, 0.0, 1.7692748438163777, 1.7692748438163777, 1.7692748438163777]
['chin_tent_f_r_01_mover_offset', -0.0, -0.0, -0.0, 0.0, 0.0, 0.0, 2.1913739915332258, 2.1913739915332258, 2.1913739915332258]
['chin_tent_f_r_02_mover_offset', -0.0, -0.0, -0.0, 0.0, 0.0, 0.0, 1.7692748438163777, 1.7692748438163777, 1.7692748438163777]
['chin_tent_g_l_01_mover_offset', 0.0, 0.0, 0.0, 0.0, 0.0, 0.0, 2.4401059717783316, 2.4401059717783316, 2.4401059717783316]
['chin_tent_g_l_02_mover_offset', 0.0, 0.0, 0.0, 0.0, 0.0, 0.0, 1.7568729241099896, 1.7568729241099896, 1.7568729241099896]
['chin_tent_g_r_01_mover_offset', -0.0, -0.0, -0.0, 0.0, 0.0, 0.0, 2.4401059717783316, 2.4401059717783316, 2.4401059717783316]
['chin_tent_g_r_02_mover_offset', -0.0, -0.0, -0.0, 0.0, 0.0, 0.0, 1.7568729241099896, 1.7568729241099896, 1.7568729241099896]
['chin_tent_h_l_01_mover_offset', 0.0, 0.0, 0.0, 0.0, 0.0, 0.0, 1.810033627703558, 1.810033627703558, 1.810033627703558]
['chin_tent_h_l_02_mover_offset', 0.0, 0.0, 0.0, 0.0, 0.0, 0.0, 1.301739549042345, 1.301739549042345, 1.301739549042345]
['chin_tent_h_r_01_mover_offset', -0.0, -0.0, -0.0, 0.0, 0.0, 0.0, 1.810033627703558, 1.810033627703558, 1.810033627703558]
['chin_tent_h_r_02_mover_offset', -0.0, -0.0, -0.0, 0.0, 0.0, 0.0, 1.301739549042345, 1.301739549042345, 1.301739549042345]
['chin_tent_i_l_01_mover_offset', 0.0, 0.0, 0.0, 0.0, 0.0, 0.0, 1.5788585208104708, 1.5788585208104708, 1.5788585208104708]
['chin_tent_i_l_02_mover_offset', 0.0, 0.0, 0.0, 0.0, 0.0, 0.0, 1.0, 1.0, 1.0]
['chin_tent_i_r_01_mover_offset', -0.0, -0.0, -0.0, 0.0, 0.0, 0.0, 1.5788585208104708, 1.5788585208104708, 1.5788585208104708]
['chin_tent_i_r_02_mover_offset', -0.0, -0.0, -0.0, 0.0, 0.0, 0.0, 1.0, 1.0, 1.0]
['chin_tent_k_l_01_mover_offset', 0.0, 0.0, 0.0, 0.0, 0.0, 0.0, 1.6283922716340318, 1.6283922716340318, 1.6283922716340318]
['chin_tent_k_l_02_mover_offset', 0.0, 0.0, 0.0, 0.0, 0.0, 0.0, 1.0, 1.0, 1.0]
['chin_tent_k_r_01_mover_offset', -0.0, -0.0, -0.0, 0.0, 0.0, 0.0, 1.6283922716340318, 1.6283922716340318, 1.6283922716340318]
['chin_tent_k_r_02_mover_offset', -0.0, -0.0, -0.0, 0.0, 0.0, 0.0, 1.0, 1.0, 1.0]
['clavicle_mover_offset_l', 0.0, 0.0, 0.0, 0.0, 0.0, 0.0, 1.0, 1.0, 1.0]
['clavicle_mover_offset_r', -0.0, -0.0, -0.0, 0.0, 0.0, 0.0, 1.0, 1.0, 1.0]
['eyeball_l_mover_offset', 0.0, 0.0, 0.0, 0.0, 0.0, 0.0, 1.0, 1.0, 1.0]
['eyeball_r_mover_offset', -0.0, -0.0, -0.0, 0.0, 0.0, 0.0, 1.0, 1.0, 1.0]
['eyebrow_in_l_mover_offset', 0.0, 0.0, 0.0, 0.0, 0.0, 0.0, 1.0, 1.0, 1.0]
['eyebrow_in_r_mover_offset', -0.0, -0.0, -0.0, 0.0, 0.0, 0.0, 1.0, 1.0, 1.0]
['eyebrow_mid_mover_offset', 0.0, 0.0, 0.0, 0.0, 0.0, 0.0, 1.0, 1.0, 1.0]
['eyelid_bott_l_mover_offset', 0.0, 0.0, 0.0, 0.0, 0.0, 0.0, 1.0, 1.0, 1.0]
['eyelid_bott_r_mover_offset', -0.0, -0.0, -0.0, 0.0, 0.0, 0.0, 1.0, 1.0, 1.0]
['eyelid_top_l_mover_offset', 0.0, 0.0, 0.0, 0.0, 0.0, 0.0, 1.0, 1.0, 1.0]
['eyelid_top_r_mover_offset', -0.0, -0.0, -0.0, 0.0, 0.0, 0.0, 1.0, 1.0, 1.0]
['fin_arm_a_l_mover_offset', 0.0, 0.0, 0.0, 0.0, 0.0, 0.0, 1.0, 1.0, 1.0]
['fin_arm_a_r_mover_offset', -0.0, -0.0, -0.0, 0.0, 0.0, 0.0, 1.0, 1.0, 1.0]
['fin_arm_b_l_01_mover_offset', 0.0, 0.0, 0.0, 0.0, 0.0, 0.0, 1.0, 1.0, 1.0]
['fin_arm_b_l_02_mover_offset', 0.0, 0.0, 0.0, 0.0, 0.0, 0.0, 1.0, 1.0, 1.0]
['fin_arm_b_r_01_mover_offset', -0.0, -0.0, -0.0, 0.0, 0.0, 0.0, 1.0, 1.0, 1.0]
['fin_arm_b_r_02_mover_offset', -0.0, -0.0, -0.0, 0.0, 0.0, 0.0, 1.0, 1.0, 1.0]
['fin_arm_c_l_01_mover_offset', 0.0, 0.0, 0.0, 0.0, 0.0, 0.0, 1.0, 1.0, 1.0]
['fin_arm_c_l_02_mover_offset', 0.0, 0.0, 0.0, 0.0, 0.0, 0.0, 1.0, 1.0, 1.0]
['fin_arm_c_r_01_mover_offset', -0.0, -0.0, -0.0, 0.0, 0.0, 0.0, 1.0, 1.0, 1.0]
['fin_arm_c_r_02_mover_offset', -0.0, -0.0, -0.0, 0.0, 0.0, 0.0, 1.0, 1.0, 1.0]
['fin_arm_d_l_01_mover_offset', 0.0, 0.0, 0.0, 0.0, 0.0, 0.0, 1.0, 1.0, 1.0]
['fin_arm_d_l_02_mover_offset', 0.0, 0.0, 0.0, 0.0, 0.0, 0.0, 1.0, 1.0, 1.0]
['fin_arm_d_r_01_mover_offset', -0.0, -0.0, -0.0, 0.0, 0.0, 0.0, 1.0, 1.0, 1.0]
['fin_arm_d_r_02_mover_offset', -0.0, -0.0, -0.0, 0.0, 0.0, 0.0, 1.0, 1.0, 1.0]
['fin_head_a_l_01_mover_offset', 0.0, 0.0, 0.0, 0.0, 0.0, 0.0, 1.0, 1.0, 1.0]
['fin_head_a_l_02_mover_offset', 0.0, 0.0, 0.0, 0.0, 0.0, 0.0, 1.0, 1.0, 1.0]
['fin_head_a_r_01_mover_offset', -0.0, -0.0, -0.0, 0.0, 0.0, 0.0, 1.0, 1.0, 1.0]
['fin_head_a_r_02_mover_offset', -0.0, -0.0, -0.0, 0.0, 0.0, 0.0, 1.0, 1.0, 1.0]
['fin_head_b_l_01_mover_offset', 0.0, 0.0, 0.0, 0.0, 0.0, 0.0, 1.0, 1.0, 1.0]
['fin_head_b_l_02_mover_offset', 0.0, 0.0, 0.0, 0.0, 0.0, 0.0, 1.0, 1.0, 1.0]
['fin_head_b_r_01_mover_offset', -0.0, -0.0, -0.0, 0.0, 0.0, 0.0, 1.0, 1.0, 1.0]
['fin_head_b_r_02_mover_offset', -0.0, -0.0, -0.0, 0.0, 0.0, 0.0, 1.0, 1.0, 1.0]
['fin_head_c_l_01_mover_offset', 0.0, 0.0, 0.0, 0.0, 0.0, 0.0, 1.0, 1.0, 1.0]
['fin_head_c_l_02_mover_offset', 0.0, 0.0, 0.0, 0.0, 0.0, 0.0, 1.0, 1.0, 1.0]
['fin_head_c_r_01_mover_offset', -0.0, -0.0, -0.0, 0.0, 0.0, 0.0, 1.0, 1.0, 1.0]
['fin_head_c_r_02_mover_offset', -0.0, -0.0, -0.0, 0.0, 0.0, 0.0, 1.0, 1.0, 1.0]
['fin_head_mid_01_mover_offset', 0.0, 0.0, 0.0, 0.0, 0.0, 0.0, 1.0, 1.0, 1.0]
['fin_head_mid_02_mover_offset', 0.0, 0.0, 0.0, 0.0, 0.0, 0.0, 1.0, 1.0, 1.0]
['fin_scap_a_l_01_mover_offset', 0.0, 0.0, 0.0, 0.0, 0.0, 0.0, 1.0, 1.0, 1.0]
['fin_scap_a_l_02_mover_offset', 0.0, 0.0, 0.0, 0.0, 0.0, 0.0, 1.0, 1.0, 1.0]
['fin_scap_a_r_01_mover_offset', -0.0, -0.0, -0.0, 0.0, 0.0, 0.0, 1.0, 1.0, 1.0]
['fin_scap_a_r_02_mover_offset', -0.0, -0.0, -0.0, 0.0, 0.0, 0.0, 1.0, 1.0, 1.0]
['fin_scap_b_l_01_mover_offset', 0.0, 0.0, 0.0, 0.0, 0.0, 0.0, 1.0, 1.0, 1.0]
['fin_scap_b_l_02_mover_offset', 0.0, 0.0, 0.0, 0.0, 0.0, 0.0, 1.0, 1.0, 1.0]
['fin_scap_b_r_01_mover_offset', -0.0, -0.0, -0.0, 0.0, 0.0, 0.0, 1.0, 1.0, 1.0]
['fin_scap_b_r_02_mover_offset', -0.0, -0.0, -0.0, 0.0, 0.0, 0.0, 1.0, 1.0, 1.0]
['fin_scap_c_l_01_mover_offset', 0.0, 0.0, 0.0, 0.0, 0.0, 0.0, 1.0, 1.0, 1.0]
['fin_scap_c_l_02_mover_offset', 0.0, 0.0, 0.0, 0.0, 0.0, 0.0, 1.0, 1.0, 1.0]
['fin_scap_c_r_01_mover_offset', -0.0, -0.0, -0.0, 0.0, 0.0, 0.0, 1.0, 1.0, 1.0]
['fin_scap_c_r_02_mover_offset', -0.0, -0.0, -0.0, 0.0, 0.0, 0.0, 1.0, 1.0, 1.0]
['fin_scap_d_l_mover_offset', 0.0, 0.0, 0.0, 0.0, 0.0, 0.0, 1.0, 1.0, 1.0]
['fin_scap_d_r_mover_offset', -0.0, -0.0, -0.0, 0.0, 0.0, 0.0, 1.0, 1.0, 1.0]
['fin_spine_a_01_mover_offset', 0.0, 0.0, 0.0, 0.0, 0.0, 0.0, 1.0, 1.0, 1.0]
['fin_spine_a_02_mover_offset', 0.0, 0.0, 0.0, 0.0, 0.0, 0.0, 1.0, 1.0, 1.0]
['fin_spine_b_01_mover_offset', 0.0, 0.0, 0.0, 0.0, 0.0, 0.0, 1.0, 1.0, 1.0]
['fin_spine_b_02_mover_offset', 0.0, 0.0, 0.0, 0.0, 0.0, 0.0, 1.0, 1.0, 1.0]
['fin_spine_c_01_mover_offset', 0.0, 0.0, 0.0, 0.0, 0.0, 0.0, 1.0, 1.0, 1.0]
['fin_spine_c_02_mover_offset', 0.0, 0.0, 0.0, 0.0, 0.0, 0.0, 1.0, 1.0, 1.0]
['fin_spine_d_01_mover_offset', 0.0, 0.0, 0.0, 0.0, 0.0, 0.0, 1.0, 1.0, 1.0]
['fin_spine_d_02_mover_offset', 0.0, 0.0, 0.0, 0.0, 0.0, 0.0, 1.0, 1.0, 1.0]
['foot_mover_offset_l', 0.0, 0.0, 0.0, 0.0, 0.0, 0.0, 1.0, 1.0, 1.0]
['foot_mover_offset_r', -0.0, -0.0, -0.0, 0.0, 0.0, 0.0, 1.0, 1.0, 1.0]
['hand_mover_offset_l', 0.0, 0.0, 0.0, 0.0, 0.0, 0.0, 1.0, 1.0, 1.0]
['hand_mover_offset_r', -0.0, -0.0, -0.0, 0.0, 0.0, 0.0, 1.0, 1.0, 1.0]
['head_mover_offset', 0.0, 0.0, 0.0, 0.0, 0.0, 0.0, 1.0, 1.0, 1.0]
['index_01_mover_offset_l', 0.0, 0.0, 0.0, 0.0, 0.0, 0.0, 1.0, 1.0, 1.0]
['index_01_mover_offset_r', -0.0, -0.0, -0.0, 0.0, 0.0, 0.0, 1.0, 1.0, 1.0]
['index_02_mover_offset_l', 0.0, 0.0, 0.0, 0.0, 0.0, 0.0, 1.0, 1.0, 1.0]
['index_02_mover_offset_r', -0.0, -0.0, -0.0, 0.0, 0.0, 0.0, 1.0, 1.0, 1.0]
['index_03_mover_offset_l', 0.0, 0.0, 0.0, 0.0, 0.0, 0.0, 1.0, 1.0, 1.0]
['index_03_mover_offset_r', -0.0, -0.0, -0.0, 0.0, 0.0, 0.0, 1.0, 1.0, 1.0]
['index_distal_phalange_mover_offset_l', 0.0, 0.0, 0.0, 0.0, 0.0, 0.0, 1.0, 1.0, 1.0]
['index_distal_phalange_mover_offset_r', -0.0, -0.0, -0.0, 0.0, 0.0, 0.0, 1.0, 1.0, 1.0]
['index_metacarpal_mover_offset_l', 0.0, 0.0, 0.0, 0.0, 0.0, 0.0, 1.0, 1.0, 1.0]
['index_metacarpal_mover_offset_r', -0.0, -0.0, -0.0, 0.0, 0.0, 0.0, 1.0, 1.0, 1.0]
['index_metatarsal_mover_offset_l', 0.0, 0.0, 0.0, 0.0, 0.0, 0.0, 1.0, 1.0, 1.0]
['index_metatarsal_mover_offset_r', -0.0, -0.0, -0.0, 0.0, 0.0, 0.0, 1.0, 1.0, 1.0]
['index_middle_phalange_mover_offset_l', 0.0, 0.0, 0.0, 0.0, 0.0, 0.0, 1.0, 1.0, 1.0]
['index_middle_phalange_mover_offset_r', -0.0, -0.0, -0.0, 0.0, 0.0, 0.0, 1.0, 1.0, 1.0]
['index_proximal_phalange_mover_offset_l', 0.0, 0.0, 0.0, 0.0, 0.0, 0.0, 1.0, 1.0, 1.0]
['index_proximal_phalange_mover_offset_r', -0.0, -0.0, -0.0, 0.0, 0.0, 0.0, 1.0, 1.0, 1.0]
['jaw_mover_offset', 0.0, 0.0, 0.0, 0.0, 0.0, 0.0, 1.0, 1.0, 1.0]
['lat_muscle_l_mover_offset', 0.0, 0.0, 0.0, 0.0, 0.0, 0.0, 1.0, 1.0, 1.0]
['lat_muscle_r_mover_offset', -0.0, -0.0, -0.0, 0.0, 0.0, 0.0, 1.0, 1.0, 1.0]
['lowerarm_mover_offset_l', 0.0, 0.0, 0.0, 0.0, 0.0, 0.0, 1.0, 1.0, 1.0]
['lowerarm_mover_offset_r', -0.0, -0.0, -0.0, 0.0, 0.0, 0.0, 1.0, 1.0, 1.0]
['lowerarm_twist_01_mover_offset_l', 0.0, 0.0, 0.0, 0.0, 0.0, 0.0, 1.0, 1.0, 1.0]
['lowerarm_twist_01_mover_offset_r', -0.0, -0.0, -0.0, 0.0, 0.0, 0.0, 1.0, 1.0, 1.0]
['middle_01_mover_offset_l', 0.0, 0.0, 0.0, 0.0, 0.0, 0.0, 1.0, 1.0, 1.0]
['middle_01_mover_offset_r', -0.0, -0.0, -0.0, 0.0, 0.0, 0.0, 1.0, 1.0, 1.0]
['middle_02_mover_offset_l', 0.0, 0.0, 0.0, 0.0, 0.0, 0.0, 1.0, 1.0, 1.0]
['middle_02_mover_offset_r', -0.0, -0.0, -0.0, 0.0, 0.0, 0.0, 1.0, 1.0, 1.0]
['middle_03_mover_offset_l', 0.0, 0.0, 0.0, 0.0, 0.0, 0.0, 1.0, 1.0, 1.0]
['middle_03_mover_offset_r', -0.0, -0.0, -0.0, 0.0, 0.0, 0.0, 1.0, 1.0, 1.0]
['middle_distal_phalange_mover_offset_l', 0.0, 0.0, 0.0, 0.0, 0.0, 0.0, 1.0, 1.0, 1.0]
['middle_distal_phalange_mover_offset_r', -0.0, -0.0, -0.0, 0.0, 0.0, 0.0, 1.0, 1.0, 1.0]
['middle_metacarpal_mover_offset_l', 0.0, 0.0, 0.0, 0.0, 0.0, 0.0, 1.0, 1.0, 1.0]
['middle_metacarpal_mover_offset_r', -0.0, -0.0, -0.0, 0.0, 0.0, 0.0, 1.0, 1.0, 1.0]
['middle_metatarsal_mover_offset_l', 0.0, 0.0, 0.0, 0.0, 0.0, 0.0, 1.0, 1.0, 1.0]
['middle_metatarsal_mover_offset_r', -0.0, -0.0, -0.0, 0.0, 0.0, 0.0, 1.0, 1.0, 1.0]
['middle_middle_phalange_mover_offset_l', 0.0, 0.0, 0.0, 0.0, 0.0, 0.0, 1.0, 1.0, 1.0]
['middle_middle_phalange_mover_offset_r', -0.0, -0.0, -0.0, 0.0, 0.0, 0.0, 1.0, 1.0, 1.0]
['middle_proximal_phalange_mover_offset_l', 0.0, 0.0, 0.0, 0.0, 0.0, 0.0, 1.0, 1.0, 1.0]
['middle_proximal_phalange_mover_offset_r', -0.0, -0.0, -0.0, 0.0, 0.0, 0.0, 1.0, 1.0, 1.0]
['neck_01_mover_offset', 0.0, 0.0, 0.0, 0.0, 0.0, 0.0, 1.0, 1.0, 1.0]
['neck_02_mover_offset', 0.0, 0.0, 0.0, 0.0, 0.0, 0.0, 1.0, 1.0, 1.0]
['pec_muscle_l_mover_offset', 0.0, 0.0, 0.0, 0.0, 0.0, 0.0, 1.0, 1.0, 1.0]
['pec_muscle_r_mover_offset', -0.0, -0.0, -0.0, 0.0, 0.0, 0.0, 1.0, 1.0, 1.0]
['pelvis_mover_offset', 0.0, 0.0, 0.0, 0.0, 0.0, 0.0, 1.0, 1.0, 1.0]
['pinky_01_mover_offset_l', 0.0, 0.0, 0.0, 0.0, 0.0, 0.0, 1.0, 1.0, 1.0]
['pinky_01_mover_offset_r', -0.0, -0.0, -0.0, 0.0, 0.0, 0.0, 1.0, 1.0, 1.0]
['pinky_02_mover_offset_l', 0.0, 0.0, 0.0, 0.0, 0.0, 0.0, 1.0, 1.0, 1.0]
['pinky_02_mover_offset_r', -0.0, -0.0, -0.0, 0.0, 0.0, 0.0, 1.0, 1.0, 1.0]
['pinky_03_mover_offset_l', 0.0, 0.0, 0.0, 0.0, 0.0, 0.0, 1.0, 1.0, 1.0]
['pinky_03_mover_offset_r', -0.0, -0.0, -0.0, 0.0, 0.0, 0.0, 1.0, 1.0, 1.0]
['pinky_distal_phalange_mover_offset_l', 0.0, 0.0, 0.0, 0.0, 0.0, 0.0, 1.0, 1.0, 1.0]
['pinky_distal_phalange_mover_offset_r', -0.0, -0.0, -0.0, 0.0, 0.0, 0.0, 1.0, 1.0, 1.0]
['pinky_metacarpal_mover_offset_l', 0.0, 0.0, 0.0, 0.0, 0.0, 0.0, 1.0, 1.0, 1.0]
['pinky_metacarpal_mover_offset_r', -0.0, -0.0, -0.0, 0.0, 0.0, 0.0, 1.0, 1.0, 1.0]
['pinky_metatarsal_mover_offset_l', 0.0, 0.0, 0.0, 0.0, 0.0, 0.0, 1.0, 1.0, 1.0]
['pinky_metatarsal_mover_offset_r', -0.0, -0.0, -0.0, 0.0, 0.0, 0.0, 1.0, 1.0, 1.0]
['pinky_middle_phalange_mover_offset_l', 0.0, 0.0, 0.0, 0.0, 0.0, 0.0, 1.0, 1.0, 1.0]
['pinky_middle_phalange_mover_offset_r', -0.0, -0.0, -0.0, 0.0, 0.0, 0.0, 1.0, 1.0, 1.0]
['pinky_proximal_phalange_mover_offset_l', 0.0, 0.0, 0.0, 0.0, 0.0, 0.0, 1.0, 1.0, 1.0]
['pinky_proximal_phalange_mover_offset_r', -0.0, -0.0, -0.0, 0.0, 0.0, 0.0, 1.0, 1.0, 1.0]
['ring_01_mover_offset_l', 0.0, 0.0, 0.0, 0.0, 0.0, 0.0, 1.0, 1.0, 1.0]
['ring_01_mover_offset_r', -0.0, -0.0, -0.0, 0.0, 0.0, 0.0, 1.0, 1.0, 1.0]
['ring_02_mover_offset_l', 0.0, 0.0, 0.0, 0.0, 0.0, 0.0, 1.0, 1.0, 1.0]
['ring_02_mover_offset_r', -0.0, -0.0, -0.0, 0.0, 0.0, 0.0, 1.0, 1.0, 1.0]
['ring_03_mover_offset_l', 0.0, 0.0, 0.0, 0.0, 0.0, 0.0, 1.0, 1.0, 1.0]
['ring_03_mover_offset_r', -0.0, -0.0, -0.0, 0.0, 0.0, 0.0, 1.0, 1.0, 1.0]
['ring_distal_phalange_mover_offset_l', 0.0, 0.0, 0.0, 0.0, 0.0, 0.0, 1.0, 1.0, 1.0]
['ring_distal_phalange_mover_offset_r', -0.0, -0.0, -0.0, 0.0, 0.0, 0.0, 1.0, 1.0, 1.0]
['ring_metacarpal_mover_offset_l', 0.0, 0.0, 0.0, 0.0, 0.0, 0.0, 1.0, 1.0, 1.0]
['ring_metacarpal_mover_offset_r', -0.0, -0.0, -0.0, 0.0, 0.0, 0.0, 1.0, 1.0, 1.0]
['ring_metatarsal_mover_offset_l', 0.0, 0.0, 0.0, 0.0, 0.0, 0.0, 1.0, 1.0, 1.0]
['ring_metatarsal_mover_offset_r', -0.0, -0.0, -0.0, 0.0, 0.0, 0.0, 1.0, 1.0, 1.0]
['ring_middle_phalange_mover_offset_l', 0.0, 0.0, 0.0, 0.0, 0.0, 0.0, 1.0, 1.0, 1.0]
['ring_middle_phalange_mover_offset_r', -0.0, -0.0, -0.0, 0.0, 0.0, 0.0, 1.0, 1.0, 1.0]
['ring_proximal_phalange_mover_offset_l', 0.0, 0.0, 0.0, 0.0, 0.0, 0.0, 1.0, 1.0, 1.0]
['ring_proximal_phalange_mover_offset_r', -0.0, -0.0, -0.0, 0.0, 0.0, 0.0, 1.0, 1.0, 1.0]
['spine_01_mover_offset', 0.0, 0.0, 0.0, 0.0, 0.0, 0.0, 1.0, 1.0, 1.0]
['spine_02_mover_offset', 0.0, 0.0, 0.0, 0.0, 0.0, 0.0, 1.0, 1.0, 1.0]
['spine_03_mover_offset', 0.0, 0.0, 0.0, 0.0, 0.0, 0.0, 1.0, 1.0, 1.0]
['thigh_mover_offset_l', 0.0, 0.0, 0.0, 0.0, 0.0, 0.0, 1.0, 1.0, 1.0]
['thigh_mover_offset_r', -0.0, -0.0, -0.0, 0.0, 0.0, 0.0, 1.0, 1.0, 1.0]
['thigh_twist_01_mover_offset_l', 0.0, 0.0, 0.0, 0.0, 0.0, 0.0, 1.0, 1.0, 1.0]
['thigh_twist_01_mover_offset_r', -0.0, -0.0, -0.0, 0.0, 0.0, 0.0, 1.0, 1.0, 1.0]
['thigh_twist_02_mover_offset_l', 0.0, 0.0, 0.0, 0.0, 0.0, 0.0, 1.0, 1.0, 1.0]
['thigh_twist_02_mover_offset_r', -0.0, -0.0, -0.0, 0.0, 0.0, 0.0, 1.0, 1.0, 1.0]
['thumb_01_mover_offset_l', 0.0, 0.0, 0.0, 0.0, 0.0, 0.0, 1.0, 1.0, 1.0]
['thumb_01_mover_offset_r', -0.0, -0.0, -0.0, 0.0, 0.0, 0.0, 1.0, 1.0, 1.0]
['thumb_02_mover_offset_l', 0.0, 0.0, 0.0, 0.0, 0.0, 0.0, 1.0, 1.0, 1.0]
['thumb_02_mover_offset_r', -0.0, -0.0, -0.0, 0.0, 0.0, 0.0, 1.0, 1.0, 1.0]
['thumb_03_mover_offset_l', 0.0, 0.0, 0.0, 0.0, 0.0, 0.0, 1.0, 1.0, 1.0]
['thumb_03_mover_offset_r', -0.0, -0.0, -0.0, 0.0, 0.0, 0.0, 1.0, 1.0, 1.0]
['toe_index_01_l_mover_offset', 0.0, 0.0, 0.0, 0.0, 0.0, 0.0, 1.0, 1.0, 1.0]
['toe_index_01_r_mover_offset', -0.0, -0.0, -0.0, 0.0, 0.0, 0.0, 1.0, 1.0, 1.0]
['toe_index_02_l_mover_offset', 0.0, 0.0, 0.0, 0.0, 0.0, 0.0, 1.0, 1.0, 1.0]
['toe_index_02_r_mover_offset', -0.0, -0.0, -0.0, 0.0, 0.0, 0.0, 1.0, 1.0, 1.0]
['toe_index_03_l_mover_offset', 0.0, 0.0, 0.0, 0.0, 0.0, 0.0, 1.0, 1.0, 1.0]
['toe_index_03_r_mover_offset', -0.0, -0.0, -0.0, 0.0, 0.0, 0.0, 1.0, 1.0, 1.0]
['toe_mid_01_l_mover_offset', 0.0, 0.0, 0.0, 0.0, 0.0, 0.0, 1.0, 1.0, 1.0]
['toe_mid_01_r_mover_offset', -0.0, -0.0, -0.0, 0.0, 0.0, 0.0, 1.0, 1.0, 1.0]
['toe_mid_02_l_mover_offset', 0.0, 0.0, 0.0, 0.0, 0.0, 0.0, 1.0, 1.0, 1.0]
['toe_mid_02_r_mover_offset', -0.0, -0.0, -0.0, 0.0, 0.0, 0.0, 1.0, 1.0, 1.0]
['toe_mid_03_l_mover_offset', 0.0, 0.0, 0.0, 0.0, 0.0, 0.0, 1.0, 1.0, 1.0]
['toe_mid_03_r_mover_offset', -0.0, -0.0, -0.0, 0.0, 0.0, 0.0, 1.0, 1.0, 1.0]
['toe_pinky_01_l_mover_offset', 0.0, 0.0, 0.0, 0.0, 0.0, 0.0, 1.0, 1.0, 1.0]
['toe_pinky_01_r_mover_offset', -0.0, -0.0, -0.0, 0.0, 0.0, 0.0, 1.0, 1.0, 1.0]
['toe_pinky_02_l_mover_offset', 0.0, 0.0, 0.0, 0.0, 0.0, 0.0, 1.0, 1.0, 1.0]
['toe_pinky_02_r_mover_offset', -0.0, -0.0, -0.0, 0.0, 0.0, 0.0, 1.0, 1.0, 1.0]
['toe_pinky_03_l_mover_offset', 0.0, 0.0, 0.0, 0.0, 0.0, 0.0, 1.0, 1.0, 1.0]
['toe_pinky_03_r_mover_offset', -0.0, -0.0, -0.0, 0.0, 0.0, 0.0, 1.0, 1.0, 1.0]
['tricep_muscle_l_mover_offset', 0.0, 0.0, 0.0, 0.0, 0.0, 0.0, 1.0, 1.0, 1.0]
['tricep_muscle_r_mover_offset', -0.0, -0.0, -0.0, 0.0, 0.0, 0.0, 1.0, 1.0, 1.0]
['upperarm_mover_offset_l', 0.0, 0.0, 0.0, 0.0, 0.0, 0.0, 1.0, 1.0, 1.0]
['upperarm_mover_offset_r', -0.0, -0.0, -0.0, 0.0, 0.0, 0.0, 1.0, 1.0, 1.0]
['upperarm_twist_01_mover_offset_l', 0.0, 0.0, 0.0, 0.0, 0.0, 0.0, 1.0, 1.0, 1.0]
['upperarm_twist_01_mover_offset_r', -0.0, -0.0, -0.0, 0.0, 0.0, 0.0, 1.0, 1.0, 1.0]
['upperarm_twist_02_mover_offset_l', 0.0, 0.0, 0.0, 0.0, 0.0, 0.0, 1.0, 1.0, 1.0]
['upperarm_twist_02_mover_offset_r', -0.0, -0.0, -0.0, 0.0, 0.0, 0.0, 1.0, 1.0, 1.0]
['weapon_r_mover_offset', 0.0, 0.0, 0.0, 0.0, 0.0, 0.0, 1.0, 1.0, 1.0]
['ball_geo_mover_l', 0.0, 0.0, 0.0, 0.0, 0.0, 0.0, 1.0, 1.0, 1.0]
['ball_geo_mover_r', -0.0, -0.0, -0.0, 0.0, 0.0, 0.0, 1.0, 1.0, 1.0]
['bicep_muscle_l_geo_mover', 0.0, 0.0, 0.0, 0.0, 0.0, 0.0, 1.0, 1.0, 1.0]
['bicep_muscle_r_geo_mover', -0.0, -0.0, -0.0, 0.0, 0.0, 0.0, 1.0, 1.0, 1.0]
['calf_geo_mover_l', 6.183952354975332, 7.157358148058603e-15, -4.263256414569913e-14, 0.0, 0.0, 0.0, 1.1284140423258746, 1.8451814471386552, 2.196148009304997]
['calf_geo_mover_r', -6.183952331542969, -7.157358100564216e-15, 4.263256414560601e-14, 0.0, 0.0, 0.0, 1.1284140423258746, 1.8451814471386552, 2.196148009304997]
['calf_twist_01_geo_mover_l', 0.0, 0.0, 0.0, 0.0, 0.0, 0.0, 1.0, 1.0, 1.0]
['calf_twist_01_geo_mover_r', -0.0, -0.0, -0.0, 0.0, 0.0, 0.0, 1.0, 1.0, 1.0]
['chain_01_geo_mover', 0.0, 0.0, 0.0, 0.0, 0.0, 0.0, 1.0, 1.0, 1.0]
['chain_02_geo_mover', 0.0, 0.0, 0.0, 0.0, 0.0, 0.0, 1.0, 1.0, 1.0]
['chain_03_geo_mover', 0.0, 0.0, 0.0, 0.0, 0.0, 0.0, 1.0, 1.0, 1.0]
['chain_04_geo_mover', 0.0, 0.0, 0.0, 0.0, 0.0, 0.0, 1.0, 1.0, 1.0]
['chain_05_geo_mover', 0.0, 0.0, 0.0, 0.0, 0.0, 0.0, 1.0, 1.0, 1.0]
['chain_06_geo_mover', 0.0, 0.0, 0.0, 0.0, 0.0, 0.0, 1.0, 1.0, 1.0]
['chain_07_geo_mover', 0.0, 0.0, 0.0, 0.0, 0.0, 0.0, 1.0, 1.0, 1.0]
['chin_tent_a_l_01_geo_mover', 0.0, 0.0, 0.0, 0.0, 0.0, 0.0, 1.0, 1.0, 1.0]
['chin_tent_a_l_02_geo_mover', 0.0, 0.0, 0.0, 0.0, 0.0, 0.0, 1.0, 1.0, 1.0]
['chin_tent_a_r_01_geo_mover', -0.0, -0.0, -0.0, 0.0, 0.0, 0.0, 1.0, 1.0, 1.0]
['chin_tent_a_r_02_geo_mover', -0.0, -0.0, -0.0, 0.0, 0.0, 0.0, 1.0, 1.0, 1.0]
['chin_tent_c_l_01_geo_mover', 0.0, 0.0, 0.0, 0.0, 0.0, 0.0, 1.0, 1.0, 1.0]
['chin_tent_c_l_02_geo_mover', 0.0, 0.0, 0.0, 0.0, 0.0, 0.0, 1.0, 1.0, 1.0]
['chin_tent_c_r_01_geo_mover', -0.0, -0.0, -0.0, 0.0, 0.0, 0.0, 1.0, 1.0, 1.0]
['chin_tent_c_r_02_geo_mover', -0.0, -0.0, -0.0, 0.0, 0.0, 0.0, 1.0, 1.0, 1.0]
['chin_tent_d_l_01_geo_mover', 0.0, 0.0, 0.0, 0.0, 0.0, 0.0, 1.0, 1.0, 1.0]
['chin_tent_d_l_02_geo_mover', 0.0, 0.0, 0.0, 0.0, 0.0, 0.0, 1.0, 1.0, 1.0]
['chin_tent_d_r_01_geo_mover', -0.0, -0.0, -0.0, 0.0, 0.0, 0.0, 1.0, 1.0, 1.0]
['chin_tent_d_r_02_geo_mover', -0.0, -0.0, -0.0, 0.0, 0.0, 0.0, 1.0, 1.0, 1.0]
['chin_tent_e_l_01_geo_mover', 0.0, 0.0, 0.0, 0.0, 0.0, 0.0, 1.0, 1.0, 1.0]
['chin_tent_e_l_02_geo_mover', 0.0, 0.0, 0.0, 0.0, 0.0, 0.0, 1.0, 1.0, 1.0]
['chin_tent_e_r_01_geo_mover', -0.0, -0.0, -0.0, 0.0, 0.0, 0.0, 1.0, 1.0, 1.0]
['chin_tent_e_r_02_geo_mover', -0.0, -0.0, -0.0, 0.0, 0.0, 0.0, 1.0, 1.0, 1.0]
['chin_tent_f_l_01_geo_mover', 0.0, 0.0, 0.0, 0.0, 0.0, 0.0, 1.0, 1.0, 1.0]
['chin_tent_f_l_02_geo_mover', 0.0, 0.0, 0.0, 0.0, 0.0, 0.0, 1.0, 1.0, 1.0]
['chin_tent_f_r_01_geo_mover', -0.0, -0.0, -0.0, 0.0, 0.0, 0.0, 1.0, 1.0, 1.0]
['chin_tent_f_r_02_geo_mover', -0.0, -0.0, -0.0, 0.0, 0.0, 0.0, 1.0, 1.0, 1.0]
['chin_tent_g_l_01_geo_mover', 0.0, 0.0, 0.0, 0.0, 0.0, 0.0, 1.0, 1.0, 1.0]
['chin_tent_g_l_02_geo_mover', 0.0, 0.0, 0.0, 0.0, 0.0, 0.0, 1.0, 1.0, 1.0]
['chin_tent_g_r_01_geo_mover', -0.0, -0.0, -0.0, 0.0, 0.0, 0.0, 1.0, 1.0, 1.0]
['chin_tent_g_r_02_geo_mover', -0.0, -0.0, -0.0, 0.0, 0.0, 0.0, 1.0, 1.0, 1.0]
['chin_tent_h_l_01_geo_mover', 0.0, 0.0, 0.0, 0.0, 0.0, 0.0, 1.0, 1.0, 1.0]
['chin_tent_h_l_02_geo_mover', 0.0, 0.0, 0.0, 0.0, 0.0, 0.0, 1.0, 1.0, 1.0]
['chin_tent_h_r_01_geo_mover', -0.0, -0.0, -0.0, 0.0, 0.0, 0.0, 1.0, 1.0, 1.0]
['chin_tent_h_r_02_geo_mover', -0.0, -0.0, -0.0, 0.0, 0.0, 0.0, 1.0, 1.0, 1.0]
['chin_tent_i_l_01_geo_mover', 0.0, 0.0, 0.0, 0.0, 0.0, 0.0, 1.0, 1.0, 1.0]
['chin_tent_i_l_02_geo_mover', 0.0, 0.0, 0.0, 0.0, 0.0, 0.0, 1.0, 1.0, 1.0]
['chin_tent_i_r_01_geo_mover', -0.0, -0.0, -0.0, 0.0, 0.0, 0.0, 1.0, 1.0, 1.0]
['chin_tent_i_r_02_geo_mover', -0.0, -0.0, -0.0, 0.0, 0.0, 0.0, 1.0, 1.0, 1.0]
['chin_tent_k_l_01_geo_mover', 0.0, 0.0, 0.0, 0.0, 0.0, 0.0, 1.0, 1.0, 1.0]
['chin_tent_k_l_02_geo_mover', 0.0, 0.0, 0.0, 0.0, 0.0, 0.0, 1.0, 1.0, 1.0]
['chin_tent_k_r_01_geo_mover', -0.0, -0.0, -0.0, 0.0, 0.0, 0.0, 1.0, 1.0, 1.0]
['chin_tent_k_r_02_geo_mover', -0.0, -0.0, -0.0, 0.0, 0.0, 0.0, 1.0, 1.0, 1.0]
['clavicle_geo_mover_l', 10.104596932380051, -8.076264866478902e-14, 14.366096485915833, 0.0, 27.691422687573684, 0.0, 1.0, 0.9090170276446368, 1.2968569685653777]
['clavicle_geo_mover_r', -10.104597091674805, 8.076264673305064e-14, -14.366096496582031, 0.0, 27.691422687573684, 0.0, 1.0, 0.9090170276446368, 1.2968569685653777]
['eyeball_l_geo_mover', 0.0, 0.0, 0.0, 0.0, 0.0, 0.0, 1.0, 1.0, 1.0]
['eyeball_r_geo_mover', -0.0, -0.0, -0.0, 0.0, 0.0, 0.0, 1.0, 1.0, 1.0]
['eyebrow_in_l_geo_mover', 0.0, 0.0, 0.0, 0.0, 0.0, 0.0, 1.0, 1.0, 1.0]
['eyebrow_in_r_geo_mover', -0.0, -0.0, -0.0, 0.0, 0.0, 0.0, 1.0, 1.0, 1.0]
['eyebrow_mid_geo_mover', 0.0, 0.0, 0.0, 0.0, 0.0, 0.0, 1.0, 1.0, 1.0]
['eyelid_bott_l_geo_mover', 0.0, 0.0, 0.0, 0.0, 0.0, 0.0, 1.0, 1.0, 1.0]
['eyelid_bott_r_geo_mover', -0.0, -0.0, -0.0, 0.0, 0.0, 0.0, 1.0, 1.0, 1.0]
['eyelid_top_l_geo_mover', 0.0, 0.0, 0.0, 0.0, 0.0, 0.0, 1.0, 1.0, 1.0]
['eyelid_top_r_geo_mover', -0.0, -0.0, -0.0, 0.0, 0.0, 0.0, 1.0, 1.0, 1.0]
['fin_arm_a_l_geo_mover', 0.0, 0.0, 0.0, 0.0, 0.0, 0.0, 1.0, 1.0, 1.0]
['fin_arm_a_r_geo_mover', -0.0, -0.0, -0.0, 0.0, 0.0, 0.0, 1.0, 1.0, 1.0]
['fin_arm_b_l_01_geo_mover', 0.0, 0.0, 0.0, 0.0, 0.0, 0.0, 1.0, 1.0, 1.0]
['fin_arm_b_l_02_geo_mover', 0.0, 0.0, 0.0, 0.0, 0.0, 0.0, 1.0, 1.0, 1.0]
['fin_arm_b_r_01_geo_mover', -0.0, -0.0, -0.0, 0.0, 0.0, 0.0, 1.0, 1.0, 1.0]
['fin_arm_b_r_02_geo_mover', -0.0, -0.0, -0.0, 0.0, 0.0, 0.0, 1.0, 1.0, 1.0]
['fin_arm_c_l_01_geo_mover', 0.0, 0.0, 0.0, 0.0, 0.0, 0.0, 1.0, 1.0, 1.0]
['fin_arm_c_l_02_geo_mover', 0.0, 0.0, 0.0, 0.0, 0.0, 0.0, 1.0, 1.0, 1.0]
['fin_arm_c_r_01_geo_mover', -0.0, -0.0, -0.0, 0.0, 0.0, 0.0, 1.0, 1.0, 1.0]
['fin_arm_c_r_02_geo_mover', -0.0, -0.0, -0.0, 0.0, 0.0, 0.0, 1.0, 1.0, 1.0]
['fin_arm_d_l_01_geo_mover', 0.0, 0.0, 0.0, 0.0, 0.0, 0.0, 1.0, 1.0, 1.0]
['fin_arm_d_l_02_geo_mover', 0.0, 0.0, 0.0, 0.0, 0.0, 0.0, 1.0, 1.0, 1.0]
['fin_arm_d_r_01_geo_mover', -0.0, -0.0, -0.0, 0.0, 0.0, 0.0, 1.0, 1.0, 1.0]
['fin_arm_d_r_02_geo_mover', -0.0, -0.0, -0.0, 0.0, 0.0, 0.0, 1.0, 1.0, 1.0]
['fin_head_a_l_01_geo_mover', 0.0, 0.0, 0.0, 0.0, 0.0, 0.0, 1.0, 1.0, 1.0]
['fin_head_a_l_02_geo_mover', 0.0, 0.0, 0.0, 0.0, 0.0, 0.0, 1.0, 1.0, 1.0]
['fin_head_a_r_01_geo_mover', -0.0, -0.0, -0.0, 0.0, 0.0, 0.0, 1.0, 1.0, 1.0]
['fin_head_a_r_02_geo_mover', -0.0, -0.0, -0.0, 0.0, 0.0, 0.0, 1.0, 1.0, 1.0]
['fin_head_b_l_01_geo_mover', 0.0, 0.0, 0.0, 0.0, 0.0, 0.0, 1.0, 1.0, 1.0]
['fin_head_b_l_02_geo_mover', 0.0, 0.0, 0.0, 0.0, 0.0, 0.0, 1.0, 1.0, 1.0]
['fin_head_b_r_01_geo_mover', -0.0, -0.0, -0.0, 0.0, 0.0, 0.0, 1.0, 1.0, 1.0]
['fin_head_b_r_02_geo_mover', -0.0, -0.0, -0.0, 0.0, 0.0, 0.0, 1.0, 1.0, 1.0]
['fin_head_c_l_01_geo_mover', 0.0, 0.0, 0.0, 0.0, 0.0, 0.0, 1.0, 1.0, 1.0]
['fin_head_c_l_02_geo_mover', 0.0, 0.0, 0.0, 0.0, 0.0, 0.0, 1.0, 1.0, 1.0]
['fin_head_c_r_01_geo_mover', -0.0, -0.0, -0.0, 0.0, 0.0, 0.0, 1.0, 1.0, 1.0]
['fin_head_c_r_02_geo_mover', -0.0, -0.0, -0.0, 0.0, 0.0, 0.0, 1.0, 1.0, 1.0]
['fin_head_mid_01_geo_mover', 0.0, 0.0, 0.0, 0.0, 0.0, 0.0, 1.0, 1.0, 1.0]
['fin_head_mid_02_geo_mover', 0.0, 0.0, 0.0, 0.0, 0.0, 0.0, 1.0, 1.0, 1.0]
['fin_scap_a_l_01_geo_mover', 0.0, 0.0, 0.0, 0.0, 0.0, 0.0, 1.0, 1.0, 1.0]
['fin_scap_a_l_02_geo_mover', 0.0, 0.0, 0.0, 0.0, 0.0, 0.0, 1.0, 1.0, 1.0]
['fin_scap_a_r_01_geo_mover', -0.0, -0.0, -0.0, 0.0, 0.0, 0.0, 1.0, 1.0, 1.0]
['fin_scap_a_r_02_geo_mover', -0.0, -0.0, -0.0, 0.0, 0.0, 0.0, 1.0, 1.0, 1.0]
['fin_scap_b_l_01_geo_mover', 0.0, 0.0, 0.0, 0.0, 0.0, 0.0, 1.0, 1.0, 1.0]
['fin_scap_b_l_02_geo_mover', 0.0, 0.0, 0.0, 0.0, 0.0, 0.0, 1.0, 1.0, 1.0]
['fin_scap_b_r_01_geo_mover', -0.0, -0.0, -0.0, 0.0, 0.0, 0.0, 1.0, 1.0, 1.0]
['fin_scap_b_r_02_geo_mover', -0.0, -0.0, -0.0, 0.0, 0.0, 0.0, 1.0, 1.0, 1.0]
['fin_scap_c_l_01_geo_mover', 0.0, 0.0, 0.0, 0.0, 0.0, 0.0, 1.0, 1.0, 1.0]
['fin_scap_c_l_02_geo_mover', 0.0, 0.0, 0.0, 0.0, 0.0, 0.0, 1.0, 1.0, 1.0]
['fin_scap_c_r_01_geo_mover', -0.0, -0.0, -0.0, 0.0, 0.0, 0.0, 1.0, 1.0, 1.0]
['fin_scap_c_r_02_geo_mover', -0.0, -0.0, -0.0, 0.0, 0.0, 0.0, 1.0, 1.0, 1.0]
['fin_scap_d_l_geo_mover', 0.0, 0.0, 0.0, 0.0, 0.0, 0.0, 1.0, 1.0, 1.0]
['fin_scap_d_r_geo_mover', -0.0, -0.0, -0.0, 0.0, 0.0, 0.0, 1.0, 1.0, 1.0]
['fin_spine_a_01_geo_mover', 0.0, 0.0, 0.0, 0.0, 0.0, 0.0, 1.0, 1.0, 1.0]
['fin_spine_a_02_geo_mover', 0.0, 0.0, 0.0, 0.0, 0.0, 0.0, 1.0, 1.0, 1.0]
['fin_spine_b_01_geo_mover', 0.0, 0.0, 0.0, 0.0, 0.0, 0.0, 1.0, 1.0, 1.0]
['fin_spine_b_02_geo_mover', 0.0, 0.0, 0.0, 0.0, 0.0, 0.0, 1.0, 1.0, 1.0]
['fin_spine_c_01_geo_mover', 0.0, 0.0, 0.0, 0.0, 0.0, 0.0, 1.0, 1.0, 1.0]
['fin_spine_c_02_geo_mover', 0.0, 0.0, 0.0, 0.0, 0.0, 0.0, 1.0, 1.0, 1.0]
['fin_spine_d_01_geo_mover', 0.0, 0.0, 0.0, 0.0, 0.0, 0.0, 1.0, 1.0, 1.0]
['fin_spine_d_02_geo_mover', 0.0, 0.0, 0.0, 0.0, 0.0, 0.0, 1.0, 1.0, 1.0]
['foot_geo_mover_l', 6.958939890248423, -18.05987735826938, 0.7454153262860537, -0.6020469922490622, -6.212020862233431e-18, -6.8350030975614775, 1.921973564165501, 1.6250827529837788, 1.5255765475267509]
['foot_geo_mover_r', -6.958940029144287, 18.059877395629883, -0.7454153299331665, -0.6020469922490622, -6.212020862233431e-18, -6.8350030975614775, 1.921973564165501, 1.6250827529837788, 1.5255765475267509]
['hand_geo_mover_l', -1.4210854715202114e-14, -0.5599833220015994, -3.55271367880054e-15, 0.0, 0.0, 0.0, 1.0, 1.4263093013311319, 1.098109692769925]
['hand_geo_mover_r', 1.4210854715202004e-14, 0.5599833130836487, 3.552713678800501e-15, 0.0, 0.0, 0.0, 1.0, 1.4263093013311319, 1.098109692769925]
['head_geo_mover', -3.7375281394827016, -17.37888343163225, -1.652462533854529e-16, 0.0, 0.0, 0.0, 0.7723391800030066, 1.0, 1.0]
['index_01_geo_mover_l', 0.0, 0.0, 0.0, 0.0, 0.0, 0.0, 1.0, 1.6101817973459338, 1.0]
['index_01_geo_mover_r', -0.0, -0.0, -0.0, 0.0, 0.0, 0.0, 1.0, 1.6101817973459338, 1.0]
['index_02_geo_mover_l', 0.0, 0.0, 0.0, 0.0, 0.0, 0.0, 1.0, 1.3097625264680641, 1.0]
['index_02_geo_mover_r', -0.0, -0.0, -0.0, 0.0, 0.0, 0.0, 1.0, 1.3097625264680641, 1.0]
['index_03_geo_mover_l', 0.6039673935324249, 3.551472500132296e-15, 5.332477997231283e-15, 0.0, 0.0, 0.0, 1.3834971027524061, 1.0, 1.0]
['index_03_geo_mover_r', -0.6039673686027527, -3.5514725637745366e-15, -5.3324781317475554e-15, 0.0, 0.0, 0.0, 1.3834971027524061, 1.0, 1.0]
['jaw_geo_mover', 0.0, 0.0, 0.0, 0.0, 0.0, 0.0, 1.0, 1.0, 1.0]
['lat_muscle_l_geo_mover', 0.0, 0.0, 0.0, 0.0, 0.0, 0.0, 1.0, 1.0, 1.0]
['lat_muscle_r_geo_mover', -0.0, -0.0, -0.0, 0.0, 0.0, 0.0, 1.0, 1.0, 1.0]
['lowerarm_geo_mover_l', 8.107451519626108e-15, -6.628854826735533e-15, -1.8102297139339807, 0.0, 0.0, 0.0, 1.0, 1.8688570802695683, 1.868661816677184]
['lowerarm_geo_mover_r', -8.107451240576841e-15, 6.6288548577402105e-15, 1.8102296590805054, 0.0, 0.0, 0.0, 1.0, 1.8688570802695683, 1.868661816677184]
['lowerarm_twist_01_geo_mover_l', 0.0, 0.0, 0.0, 0.0, 0.0, 0.0, 1.0, 1.0, 1.0]
['lowerarm_twist_01_geo_mover_r', -0.0, -0.0, -0.0, 0.0, 0.0, 0.0, 1.0, 1.0, 1.0]
['neck_01_geo_mover', -2.8430134816009427e-14, 2.6298221593340414, -4.578598842486705e-16, 0.0, 0.0, 0.0, 1.0, 1.1286513524284614, 1.9792723509166932]
['neck_02_geo_mover', -6.683179092740946e-14, -2.64995865629911, -6.162975822039155e-33, 0.0, 0.0, 0.0, 1.8811791649510148, 1.0082959312254052, 1.0]
['pec_muscle_l_geo_mover', 0.0, 0.0, 0.0, 0.0, 0.0, 0.0, 1.0, 1.0, 1.0]
['pec_muscle_r_geo_mover', -0.0, -0.0, -0.0, 0.0, 0.0, 0.0, 1.0, 1.0, 1.0]
['pelvis_geo_mover', 0.0, 0.0, 0.0, 0.0, 0.0, 0.0, 0.9211546782148262, 1.1408478497886205, 1.0]
['pinky_01_geo_mover_l', 3.9970984841968636e-17, 6.310887241768095e-30, 0.15790214636871014, 0.0, 0.0, 0.0, 1.0, 2.0782020477159233, 1.3019852636251537]
['pinky_01_geo_mover_r', -3.997098516384045e-17, -6.310887241768095e-30, -0.15790215134620667, 0.0, 0.0, 0.0, 1.0, 2.0782020477159233, 1.3019852636251537]
['pinky_02_geo_mover_l', 0.8539726648079614, 0.65665833069392, 1.3248151088906043e-14, 0.0, 0.0, -2.992919415756166, 1.2653655657108633, 1.612430791310895, 1.2381256894632136]
['pinky_02_geo_mover_r', -0.8539726734161377, -0.6566583514213562, -1.3248150948670656e-14, 0.0, 0.0, -2.992919415756166, 1.2653655657108633, 1.612430791310895, 1.2381256894632136]
['pinky_03_geo_mover_l', 1.0157794836160796, 0.1997216037099683, 1.5706042235554217e-15, 0.0, 0.0, 0.0, 1.0739824467429138, 1.3591726821652665, 0.8809053779113647]
['pinky_03_geo_mover_r', -1.0157794952392578, -0.19972160458564758, -1.5706041720618268e-15, 0.0, 0.0, 0.0, 1.0739824467429138, 1.3591726821652665, 0.8809053779113647]
['spine_01_geo_mover', 1.1370354525093973e-13, -6.266579191064924, -1.1995232706910463e-16, 0.0, 0.0, 0.0, 1.0, 1.2656788789181732, 1.0211981723756631]
['spine_02_geo_mover', 0.017333716369990593, -3.050385257132805, 2.1235245828135954e-16, 0.0, 0.0, -1.1016188719826516, 1.0, 1.463265898270724, 1.428351552895994]
['spine_03_geo_mover', -2.0135059046266552, 3.1554436208840472e-30, -2.6613652207955425e-16, 0.0, 0.0, 3.924834521638984, 1.0337924097604856, 1.152461665678689, 1.1435432996863992]
['thigh_geo_mover_l', 0.0, 0.0, 0.0, 0.0, 0.0, 0.0, 1.0, 1.4216733085853874, 1.8530848823509307]
['thigh_geo_mover_r', -0.0, -0.0, -0.0, 0.0, 0.0, 0.0, 1.0, 1.4216733085853874, 1.8530848823509307]
['thigh_twist_01_geo_mover_l', 0.0, 0.0, 0.0, 0.0, 0.0, 0.0, 1.0, 1.0, 1.0]
['thigh_twist_01_geo_mover_r', -0.0, -0.0, -0.0, 0.0, 0.0, 0.0, 1.0, 1.0, 1.0]
['thigh_twist_02_geo_mover_l', 0.0, 0.0, 0.0, 0.0, 0.0, 0.0, 1.0, 1.0, 1.0]
['thigh_twist_02_geo_mover_r', -0.0, -0.0, -0.0, 0.0, 0.0, 0.0, 1.0, 1.0, 1.0]
['thumb_01_geo_mover_l', -1.4221835627875488e-14, -7.110917813937742e-15, 1.1025979465797118, 0.0, 0.0, 0.0, 1.0, 1.0, 1.4785898559779067]
['thumb_01_geo_mover_r', 1.422183565033021e-14, 7.110917825165104e-15, -1.102597951889038, 0.0, 0.0, 0.0, 1.0, 1.0, 1.4785898559779067]
['thumb_02_geo_mover_l', -1.5777218104420236e-30, -5.5220263365470826e-30, 0.7744399474091676, 0.0, 0.0, 0.0, 1.0, 1.0, 1.3301325558375676]
['thumb_02_geo_mover_r', 1.5777218104420236e-30, 5.5220263365470826e-30, -0.7744399309158325, 0.0, 0.0, 0.0, 1.0, 1.0, 1.3301325558375676]
['toe_index_01_l_geo_mover', 0.0, 0.0, 0.0, 0.0, 0.0, 0.0, 1.0, 1.0, 1.0]
['toe_index_01_r_geo_mover', -0.0, -0.0, -0.0, 0.0, 0.0, 0.0, 1.0, 1.0, 1.0]
['toe_index_02_l_geo_mover', 0.0, 0.0, 0.0, 0.0, 0.0, 0.0, 1.0, 1.0, 1.0]
['toe_index_02_r_geo_mover', -0.0, -0.0, -0.0, 0.0, 0.0, 0.0, 1.0, 1.0, 1.0]
['toe_index_03_l_geo_mover', 0.0, 0.0, 0.0, 0.0, 0.0, 0.0, 1.0, 1.0, 1.0]
['toe_index_03_r_geo_mover', -0.0, -0.0, -0.0, 0.0, 0.0, 0.0, 1.0, 1.0, 1.0]
['toe_mid_01_l_geo_mover', 0.0, 0.0, 0.0, 0.0, 0.0, 0.0, 1.0, 1.0, 1.0]
['toe_mid_01_r_geo_mover', -0.0, -0.0, -0.0, 0.0, 0.0, 0.0, 1.0, 1.0, 1.0]
['toe_mid_02_l_geo_mover', 0.0, 0.0, 0.0, 0.0, 0.0, 0.0, 1.0, 1.0, 1.0]
['toe_mid_02_r_geo_mover', -0.0, -0.0, -0.0, 0.0, 0.0, 0.0, 1.0, 1.0, 1.0]
['toe_mid_03_l_geo_mover', 0.0, 0.0, 0.0, 0.0, 0.0, 0.0, 1.0, 1.0, 1.0]
['toe_mid_03_r_geo_mover', -0.0, -0.0, -0.0, 0.0, 0.0, 0.0, 1.0, 1.0, 1.0]
['toe_pinky_01_l_geo_mover', 0.0, 0.0, 0.0, 0.0, 0.0, 0.0, 1.0, 1.0, 1.0]
['toe_pinky_01_r_geo_mover', -0.0, -0.0, -0.0, 0.0, 0.0, 0.0, 1.0, 1.0, 1.0]
['toe_pinky_02_l_geo_mover', 0.0, 0.0, 0.0, 0.0, 0.0, 0.0, 1.0, 1.0, 1.0]
['toe_pinky_02_r_geo_mover', -0.0, -0.0, -0.0, 0.0, 0.0, 0.0, 1.0, 1.0, 1.0]
['toe_pinky_03_l_geo_mover', 0.0, 0.0, 0.0, 0.0, 0.0, 0.0, 1.0, 1.0, 1.0]
['toe_pinky_03_r_geo_mover', -0.0, -0.0, -0.0, 0.0, 0.0, 0.0, 1.0, 1.0, 1.0]
['tricep_muscle_l_geo_mover', 0.0, 0.0, 0.0, 0.0, 0.0, 0.0, 1.0, 1.0, 1.0]
['tricep_muscle_r_geo_mover', -0.0, -0.0, -0.0, 0.0, 0.0, 0.0, 1.0, 1.0, 1.0]
['upperarm_geo_mover_l', -0.5330637942632874, -2.35964133288809, -4.549425199519472, 0.0, 8.107842149845274, 0.0, 1.095444601835032, 1.8357743785066212, 1.5908918575303197]
['upperarm_geo_mover_r', 0.5330637693405151, 2.3596413135528564, 4.54942512512207, 0.0, 8.107842149845274, 0.0, 1.095444601835032, 1.8357743785066212, 1.5908918575303197]
['upperarm_twist_01_geo_mover_l', 0.0, 0.0, 0.0, 0.0, 0.0, 0.0, 1.0, 1.7132845024061802, 1.0]
['upperarm_twist_01_geo_mover_r', -0.0, -0.0, -0.0, 0.0, 0.0, 0.0, 1.0, 1.7132845024061802, 1.0]
['upperarm_twist_02_geo_mover_l', 0.0, 0.0, 0.0, 0.0, 0.0, 0.0, 1.0, 1.0, 1.0]
['upperarm_twist_02_geo_mover_r', -0.0, -0.0, -0.0, 0.0, 0.0, 0.0, 1.0, 1.0, 1.0]
['weapon_r_geo_mover', 0.0, 0.0, 0.0, 0.0, 0.0, 0.0, 1.0, 1.0, 1.0]
['ball_l_lra', 0.0, 0.0, 0.0, 0.0, 0.0, 0.0, 1.0, 1.0, 1.0]
['ball_r_lra', 0.0, 0.0, 0.0, 0.0, 0.0, 0.0, 1.0, 1.0, 1.0]
['bicep_muscle_l_lra', 0.0, 0.0, 0.0, 0.0, 0.0, 0.0, 1.0, 1.0, 1.0]
['bicep_muscle_r_lra', 0.0, 0.0, 0.0, 0.0, 0.0, 0.0, 1.0, 1.0, 1.0]
['bigtoe_distal_phalange_l_lra', 0.0, 0.0, 0.0, 0.0, 0.0, 0.0, 1.0, 1.0, 1.0]
['bigtoe_distal_phalange_r_lra', 0.0, 0.0, 0.0, 0.0, 0.0, 0.0, 1.0, 1.0, 1.0]
['bigtoe_metatarsal_l_lra', 0.0, 0.0, 0.0, 0.0, 0.0, 0.0, 1.0, 1.0, 1.0]
['bigtoe_metatarsal_r_lra', 0.0, 0.0, 0.0, 0.0, 0.0, 0.0, 1.0, 1.0, 1.0]
['bigtoe_proximal_phalange_l_lra', 0.0, 0.0, 0.0, 0.0, 0.0, 0.0, 1.0, 1.0, 1.0]
['bigtoe_proximal_phalange_r_lra', 0.0, 0.0, 0.0, 0.0, 0.0, 0.0, 1.0, 1.0, 1.0]
['calf_l_lra', 0.0, 0.0, 0.0, 0.0, 0.0, 0.0, 1.0, 1.0, 1.0]
['calf_r_lra', 0.0, 0.0, 0.0, 0.0, 0.0, 0.0, 1.0, 1.0, 1.0]
['calf_twist_01_l_lra', 0.0, 0.0, 0.0, 0.0, 0.0, 0.0, 1.0, 1.0, 1.0]
['calf_twist_01_r_lra', 0.0, 0.0, 0.0, 0.0, 0.0, 0.0, 1.0, 1.0, 1.0]
['chain_01_lra', 0.0, 0.0, 0.0, 0.0, 0.0, 0.0, 1.0, 1.0, 1.0]
['chain_02_lra', 0.0, 0.0, 0.0, 0.0, 0.0, 0.0, 1.0, 1.0, 1.0]
['chain_03_lra', 0.0, 0.0, 0.0, 0.0, 0.0, 0.0, 1.0, 1.0, 1.0]
['chain_04_lra', 0.0, 0.0, 0.0, 0.0, 0.0, 0.0, 1.0, 1.0, 1.0]
['chain_05_lra', 0.0, 0.0, 0.0, 0.0, 0.0, 0.0, 1.0, 1.0, 1.0]
['chain_06_lra', 0.0, 0.0, 0.0, 0.0, 0.0, 0.0, 1.0, 1.0, 1.0]
['chain_07_lra', 0.0, 0.0, 0.0, 0.0, 0.0, 0.0, 1.0, 1.0, 1.0]
['chin_tent_a_l_01_lra', 0.0, 0.0, 0.0, 0.0, 0.0, 0.0, 1.0, 1.0, 1.0]
['chin_tent_a_l_02_lra', 0.0, 0.0, 0.0, 0.0, 0.0, 0.0, 1.0, 1.0, 1.0]
['chin_tent_a_r_01_lra', 0.0, 0.0, 0.0, 0.0, 0.0, 0.0, 1.0, 1.0, 1.0]
['chin_tent_a_r_02_lra', 0.0, 0.0, 0.0, 0.0, 0.0, 0.0, 1.0, 1.0, 1.0]
['chin_tent_c_l_01_lra', 0.0, 0.0, 0.0, 0.0, 0.0, 0.0, 1.0, 1.0, 1.0]
['chin_tent_c_l_02_lra', 0.0, 0.0, 0.0, 0.0, 0.0, 0.0, 1.0, 1.0, 1.0]
['chin_tent_c_r_01_lra', 0.0, 0.0, 0.0, 0.0, 0.0, 0.0, 1.0, 1.0, 1.0]
['chin_tent_c_r_02_lra', 0.0, 0.0, 0.0, 0.0, 0.0, 0.0, 1.0, 1.0, 1.0]
['chin_tent_d_l_01_lra', 0.0, 0.0, 0.0, 0.0, 0.0, 0.0, 1.0, 1.0, 1.0]
['chin_tent_d_l_02_lra', 0.0, 0.0, 0.0, 0.0, 0.0, 0.0, 1.0, 1.0, 1.0]
['chin_tent_d_r_01_lra', 0.0, 0.0, 0.0, 0.0, 0.0, 0.0, 1.0, 1.0, 1.0]
['chin_tent_d_r_02_lra', 0.0, 0.0, 0.0, 0.0, 0.0, 0.0, 1.0, 1.0, 1.0]
['chin_tent_e_l_01_lra', 0.0, 0.0, 0.0, 0.0, 0.0, 0.0, 1.0, 1.0, 1.0]
['chin_tent_e_l_02_lra', 0.0, 0.0, 0.0, 0.0, 0.0, 0.0, 1.0, 1.0, 1.0]
['chin_tent_e_r_01_lra', 0.0, 0.0, 0.0, 0.0, 0.0, 0.0, 1.0, 1.0, 1.0]
['chin_tent_e_r_02_lra', 0.0, 0.0, 0.0, 0.0, 0.0, 0.0, 1.0, 1.0, 1.0]
['chin_tent_f_l_01_lra', 0.0, 0.0, 0.0, 0.0, 0.0, 0.0, 1.0, 1.0, 1.0]
['chin_tent_f_l_02_lra', 0.0, 0.0, 0.0, 0.0, 0.0, 0.0, 1.0, 1.0, 1.0]
['chin_tent_f_r_01_lra', 0.0, 0.0, 0.0, 0.0, 0.0, 0.0, 1.0, 1.0, 1.0]
['chin_tent_f_r_02_lra', 0.0, 0.0, 0.0, 0.0, 0.0, 0.0, 1.0, 1.0, 1.0]
['chin_tent_g_l_01_lra', 0.0, 0.0, 0.0, 0.0, 0.0, 0.0, 1.0, 1.0, 1.0]
['chin_tent_g_l_02_lra', 0.0, 0.0, 0.0, 0.0, 0.0, 0.0, 1.0, 1.0, 1.0]
['chin_tent_g_r_01_lra', 0.0, 0.0, 0.0, 0.0, 0.0, 0.0, 1.0, 1.0, 1.0]
['chin_tent_g_r_02_lra', 0.0, 0.0, 0.0, 0.0, 0.0, 0.0, 1.0, 1.0, 1.0]
['chin_tent_h_l_01_lra', 0.0, 0.0, 0.0, 0.0, 0.0, 0.0, 1.0, 1.0, 1.0]
['chin_tent_h_l_02_lra', 0.0, 0.0, 0.0, 0.0, 0.0, 0.0, 1.0, 1.0, 1.0]
['chin_tent_h_r_01_lra', 0.0, 0.0, 0.0, 0.0, 0.0, 0.0, 1.0, 1.0, 1.0]
['chin_tent_h_r_02_lra', 0.0, 0.0, 0.0, 0.0, 0.0, 0.0, 1.0, 1.0, 1.0]
['chin_tent_i_l_01_lra', 0.0, 0.0, 0.0, 0.0, 0.0, 0.0, 1.0, 1.0, 1.0]
['chin_tent_i_l_02_lra', 0.0, 0.0, 0.0, 0.0, 0.0, 0.0, 1.0, 1.0, 1.0]
['chin_tent_i_r_01_lra', 0.0, 0.0, 0.0, 0.0, 0.0, 0.0, 1.0, 1.0, 1.0]
['chin_tent_i_r_02_lra', 0.0, 0.0, 0.0, 0.0, 0.0, 0.0, 1.0, 1.0, 1.0]
['chin_tent_k_l_01_lra', 0.0, 0.0, 0.0, 0.0, 0.0, 0.0, 1.0, 1.0, 1.0]
['chin_tent_k_l_02_lra', 0.0, 0.0, 0.0, 0.0, 0.0, 0.0, 1.0, 1.0, 1.0]
['chin_tent_k_r_01_lra', 0.0, 0.0, 0.0, 0.0, 0.0, 0.0, 1.0, 1.0, 1.0]
['chin_tent_k_r_02_lra', 0.0, 0.0, 0.0, 0.0, 0.0, 0.0, 1.0, 1.0, 1.0]
['clavicle_l_lra', 0.0, -1.887379141862766e-15, 0.0, -1.987846675914698e-16, -0.0, 0.0, 1.0, 1.0, 1.0]
['clavicle_r_lra', 0.0, 0.0, 0.0, 0.0, 0.0, 0.0, 1.0, 1.0, 1.0]
['eyeball_l_lra', 0.0, 0.0, 0.0, 0.0, 0.0, 0.0, 1.0, 1.0, 1.0]
['eyeball_r_lra', 0.0, 0.0, 0.0, 0.0, 0.0, 0.0, 1.0, 1.0, 1.0]
['eyebrow_in_l_lra', 0.0, 0.0, 0.0, 0.0, 0.0, 0.0, 1.0, 1.0, 1.0]
['eyebrow_in_r_lra', 0.0, 0.0, 0.0, 0.0, 0.0, 0.0, 1.0, 1.0, 1.0]
['eyebrow_mid_lra', 0.0, 0.0, 0.0, 0.0, 0.0, 0.0, 1.0, 1.0, 1.0]
['eyelid_bott_l_lra', 0.0, 0.0, 0.0, 0.0, 0.0, 0.0, 1.0, 1.0, 1.0]
['eyelid_bott_r_lra', 0.0, 0.0, 0.0, 0.0, 0.0, 0.0, 1.0, 1.0, 1.0]
['eyelid_top_l_lra', 0.0, 0.0, 0.0, 0.0, 0.0, 0.0, 1.0, 1.0, 1.0]
['eyelid_top_r_lra', 0.0, 0.0, 0.0, 0.0, 0.0, 0.0, 1.0, 1.0, 1.0]
['fin_arm_a_l_lra', 0.0, 0.0, 0.0, 0.0, 0.0, 0.0, 1.0, 1.0, 1.0]
['fin_arm_a_r_lra', 0.0, 0.0, 0.0, 0.0, 0.0, 0.0, 1.0, 1.0, 1.0]
['fin_arm_b_l_01_lra', 0.0, 0.0, 0.0, 0.0, 0.0, 0.0, 1.0, 1.0, 1.0]
['fin_arm_b_l_02_lra', 0.0, 0.0, 0.0, 0.0, 0.0, 0.0, 1.0, 1.0, 1.0]
['fin_arm_b_r_01_lra', 0.0, 0.0, 0.0, 0.0, 0.0, 0.0, 1.0, 1.0, 1.0]
['fin_arm_b_r_02_lra', 0.0, 0.0, 0.0, 0.0, 0.0, 0.0, 1.0, 1.0, 1.0]
['fin_arm_c_l_01_lra', 0.0, 0.0, 0.0, 0.0, 0.0, 0.0, 1.0, 1.0, 1.0]
['fin_arm_c_l_02_lra', 0.0, 0.0, 0.0, 0.0, 0.0, 0.0, 1.0, 1.0, 1.0]
['fin_arm_c_r_01_lra', 0.0, 0.0, 0.0, 0.0, 0.0, 0.0, 1.0, 1.0, 1.0]
['fin_arm_c_r_02_lra', 0.0, 0.0, 0.0, 0.0, 0.0, 0.0, 1.0, 1.0, 1.0]
['fin_arm_d_l_01_lra', 0.0, 0.0, 0.0, 0.0, 0.0, 0.0, 1.0, 1.0, 1.0]
['fin_arm_d_l_02_lra', 0.0, 0.0, 0.0, 0.0, 0.0, 0.0, 1.0, 1.0, 1.0]
['fin_arm_d_r_01_lra', 0.0, 0.0, 0.0, 0.0, 0.0, 0.0, 1.0, 1.0, 1.0]
['fin_arm_d_r_02_lra', 0.0, 0.0, 0.0, 0.0, 0.0, 0.0, 1.0, 1.0, 1.0]
['fin_head_a_l_01_lra', 0.0, 0.0, 0.0, 0.0, 0.0, 0.0, 1.0, 1.0, 1.0]
['fin_head_a_l_02_lra', 0.0, 0.0, 0.0, 0.0, 0.0, 0.0, 1.0, 1.0, 1.0]
['fin_head_a_r_01_lra', 0.0, 0.0, 0.0, 0.0, 0.0, 0.0, 1.0, 1.0, 1.0]
['fin_head_a_r_02_lra', 0.0, 0.0, 0.0, 0.0, 0.0, 0.0, 1.0, 1.0, 1.0]
['fin_head_b_l_01_lra', 0.0, 0.0, 0.0, 0.0, 0.0, 0.0, 1.0, 1.0, 1.0]
['fin_head_b_l_02_lra', 0.0, 0.0, 0.0, 0.0, 0.0, 0.0, 1.0, 1.0, 1.0]
['fin_head_b_r_01_lra', 0.0, 0.0, 0.0, 0.0, 0.0, 0.0, 1.0, 1.0, 1.0]
['fin_head_b_r_02_lra', 0.0, 0.0, 0.0, 0.0, 0.0, 0.0, 1.0, 1.0, 1.0]
['fin_head_c_l_01_lra', 0.0, 0.0, 0.0, 0.0, 0.0, 0.0, 1.0, 1.0, 1.0]
['fin_head_c_l_02_lra', 0.0, 0.0, 0.0, 0.0, 0.0, 0.0, 1.0, 1.0, 1.0]
['fin_head_c_r_01_lra', 0.0, 0.0, 0.0, 0.0, 0.0, 0.0, 1.0, 1.0, 1.0]
['fin_head_c_r_02_lra', 0.0, 0.0, 0.0, 0.0, 0.0, 0.0, 1.0, 1.0, 1.0]
['fin_head_mid_01_lra', 0.0, 0.0, 0.0, 0.0, 0.0, 0.0, 1.0, 1.0, 1.0]
['fin_head_mid_02_lra', 0.0, 0.0, 0.0, 0.0, 0.0, 0.0, 1.0, 1.0, 1.0]
['fin_scap_a_l_01_lra', 0.0, 0.0, 0.0, 0.0, 0.0, 0.0, 1.0, 1.0, 1.0]
['fin_scap_a_l_02_lra', 0.0, 0.0, 0.0, 0.0, 0.0, 0.0, 1.0, 1.0, 1.0]
['fin_scap_a_r_01_lra', 0.0, 0.0, 0.0, 0.0, 0.0, 0.0, 1.0, 1.0, 1.0]
['fin_scap_a_r_02_lra', 0.0, 0.0, 0.0, 0.0, 0.0, 0.0, 1.0, 1.0, 1.0]
['fin_scap_b_l_01_lra', 0.0, 0.0, 0.0, 0.0, 0.0, 0.0, 1.0, 1.0, 1.0]
['fin_scap_b_l_02_lra', 0.0, 0.0, 0.0, 0.0, 0.0, 0.0, 1.0, 1.0, 1.0]
['fin_scap_b_r_01_lra', 0.0, 0.0, 0.0, 0.0, 0.0, 0.0, 1.0, 1.0, 1.0]
['fin_scap_b_r_02_lra', 0.0, 0.0, 0.0, 0.0, 0.0, 0.0, 1.0, 1.0, 1.0]
['fin_scap_c_l_01_lra', 0.0, 0.0, 0.0, 0.0, 0.0, 0.0, 1.0, 1.0, 1.0]
['fin_scap_c_l_02_lra', 0.0, 0.0, 0.0, 0.0, 0.0, 0.0, 1.0, 1.0, 1.0]
['fin_scap_c_r_01_lra', 0.0, 0.0, 0.0, 0.0, 0.0, 0.0, 1.0, 1.0, 1.0]
['fin_scap_c_r_02_lra', 0.0, 0.0, 0.0, 0.0, 0.0, 0.0, 1.0, 1.0, 1.0]
['fin_scap_d_l_lra', 0.0, 0.0, 0.0, 0.0, 0.0, 0.0, 1.0, 1.0, 1.0]
['fin_scap_d_r_lra', 0.0, 0.0, 0.0, 0.0, 0.0, 0.0, 1.0, 1.0, 1.0]
['fin_spine_a_01_lra', 0.0, 0.0, 0.0, 0.0, 0.0, 0.0, 1.0, 1.0, 1.0]
['fin_spine_a_02_lra', 0.0, 0.0, 0.0, 0.0, 0.0, 0.0, 1.0, 1.0, 1.0]
['fin_spine_b_01_lra', 0.0, 0.0, 0.0, 0.0, 0.0, 0.0, 1.0, 1.0, 1.0]
['fin_spine_b_02_lra', 0.0, 0.0, 0.0, 0.0, 0.0, 0.0, 1.0, 1.0, 1.0]
['fin_spine_c_01_lra', 0.0, 0.0, 0.0, 0.0, 0.0, 0.0, 1.0, 1.0, 1.0]
['fin_spine_c_02_lra', 0.0, 0.0, 0.0, 0.0, 0.0, 0.0, 1.0, 1.0, 1.0]
['fin_spine_d_01_lra', 0.0, 0.0, 0.0, 0.0, 0.0, 0.0, 1.0, 1.0, 1.0]
['fin_spine_d_02_lra', 0.0, 0.0, 0.0, 0.0, 0.0, 0.0, 1.0, 1.0, 1.0]
['foot_l_lra', 0.0, 0.0, 0.0, 0.0, 0.0, 0.0, 1.0, 1.0, 1.0]
['foot_r_lra', 0.0, 0.0, 0.0, 0.0, 0.0, 0.0, 1.0, 1.0, 1.0]
['hand_l_lra', 0.0, 0.0, 0.0, 0.0, 0.0, 0.0, 1.0, 1.0, 1.0]
['hand_r_lra', 0.0, 0.0, 0.0, 0.0, 0.0, 0.0, 1.0, 1.0, 1.0]
['head_lra', -5.684341886080802e-14, 8.881784197001252e-16, 0.0, -3.531125038440126e-31, -1.2722218725854073e-14, 0.0, 1.0000000000000002, 1.0000000000000002, 1.0]
['index_01_l_lra', 8.526512829121202e-14, 2.842170943040401e-14, -3.552713678800501e-15, 1.90833280887811e-14, -4.770832022195275e-15, -3.1805546814635168e-15, 1.0, 1.0, 1.0000000000000002]
['index_01_r_lra', 0.0, 0.0, 0.0, 0.0, 0.0, 0.0, 1.0, 1.0, 1.0]
['index_02_l_lra', 5.684341886080802e-14, 2.842170943040401e-14, 0.0, 1.3517357396219947e-14, -6.361109362927032e-15, 9.541664044390547e-15, 1.0000000000000002, 1.0, 1.0000000000000002]
['index_02_r_lra', 0.0, 0.0, 0.0, 0.0, 0.0, 0.0, 1.0, 1.0, 1.0]
['index_03_l_lra', 2.842170943040401e-14, 0.0, 3.552713678800501e-15, 1.1927080055488182e-15, 7.951386703658789e-15, -3.180554681463515e-15, 1.0000000000000004, 1.0000000000000004, 1.0000000000000004]
['index_03_r_lra', 0.0, 0.0, 0.0, 0.0, 0.0, 0.0, 1.0, 1.0, 1.0]
['index_distal_phalange_l_lra', 0.0, 0.0, 0.0, 0.0, 0.0, 0.0, 1.0, 1.0, 1.0]
['index_distal_phalange_r_lra', 0.0, 0.0, 0.0, 0.0, 0.0, 0.0, 1.0, 1.0, 1.0]
['index_metacarpal_l_lra', 0.0, 0.0, 0.0, 0.0, 0.0, 0.0, 1.0, 1.0, 1.0]
['index_metacarpal_r_lra', 2.842170943040401e-14, -2.842170943040401e-14, 3.1086244689504383e-15, -2.902256146835458e-14, 7.15624803329291e-15, 3.180554681463515e-15, 1.0000000000000004, 1.0000000000000004, 1.0000000000000004]
['index_metatarsal_l_lra', 0.0, 0.0, 0.0, 0.0, 0.0, 0.0, 1.0, 1.0, 1.0]
['index_metatarsal_r_lra', 0.0, 0.0, 0.0, 0.0, 0.0, 0.0, 1.0, 1.0, 1.0]
['index_middle_phalange_l_lra', 0.0, 0.0, 0.0, 0.0, 0.0, 0.0, 1.0, 1.0, 1.0]
['index_middle_phalange_r_lra', 0.0, 0.0, 0.0, 0.0, 0.0, 0.0, 1.0, 1.0, 1.0]
['index_proximal_phalange_l_lra', 0.0, 0.0, 0.0, 0.0, 0.0, 0.0, 1.0, 1.0, 1.0]
['index_proximal_phalange_r_lra', 0.0, 0.0, 0.0, 0.0, 0.0, 0.0, 1.0, 1.0, 1.0]
['jaw_lra', 0.0, 0.0, 0.0, 0.0, 0.0, 0.0, 1.0, 1.0, 1.0]
['lat_muscle_l_lra', 0.0, 0.0, 0.0, 0.0, 0.0, 0.0, 1.0, 1.0, 1.0]
['lat_muscle_r_lra', 0.0, 0.0, 0.0, 0.0, 0.0, 0.0, 1.0, 1.0, 1.0]
['lowerarm_l_lra', 2.842170943040401e-14, 7.105427357601002e-15, -2.842170943040401e-14, -1.1927080055488188e-15, -3.1805546814635168e-15, 1.5902773407317584e-15, 1.0, 1.0, 0.9999999999999999]
['lowerarm_r_lra', 0.0, 0.0, 0.0, 0.0, 0.0, 0.0, 1.0, 1.0, 1.0]
['lowerarm_twist_01_l_lra', 0.0, 0.0, 0.0, 0.0, 0.0, 0.0, 1.0, 1.0, 1.0]
['lowerarm_twist_01_r_lra', 0.0, 0.0, 0.0, 0.0, 0.0, 0.0, 1.0, 1.0, 1.0]
['middle_01_l_lra', 0.0, 0.0, 0.0, 0.0, 0.0, 0.0, 1.0, 1.0, 1.0]
['middle_01_r_lra', 0.0, 0.0, 0.0, 0.0, 0.0, 0.0, 1.0, 1.0, 1.0]
['middle_02_l_lra', 0.0, 0.0, 0.0, 0.0, 0.0, 0.0, 1.0, 1.0, 1.0]
['middle_02_r_lra', 0.0, 0.0, 0.0, 0.0, 0.0, 0.0, 1.0, 1.0, 1.0]
['middle_03_l_lra', 1.4210854715202004e-13, 2.842170943040401e-14, 0.0, -7.355032700884382e-15, -9.939233379573493e-15, 0.0, 0.9999999999999998, 1.0, 1.0]
['middle_03_r_lra', 0.0, 0.0, 0.0, 0.0, 0.0, 0.0, 1.0, 1.0, 1.0]
['middle_distal_phalange_l_lra', 0.0, 0.0, 0.0, 0.0, 0.0, 0.0, 1.0, 1.0, 1.0]
['middle_distal_phalange_r_lra', 0.0, 0.0, 0.0, 0.0, 0.0, 0.0, 1.0, 1.0, 1.0]
['middle_metacarpal_l_lra', 0.0, 0.0, 0.0, 0.0, 0.0, 0.0, 1.0, 1.0, 1.0]
['middle_metacarpal_r_lra', 0.0, 0.0, 0.0, 0.0, 0.0, 0.0, 1.0, 1.0, 1.0]
['middle_metatarsal_l_lra', 0.0, 0.0, 0.0, 0.0, 0.0, 0.0, 1.0, 1.0, 1.0]
['middle_metatarsal_r_lra', 0.0, 0.0, 0.0, 0.0, 0.0, 0.0, 1.0, 1.0, 1.0]
['middle_middle_phalange_l_lra', 0.0, 0.0, 0.0, 0.0, 0.0, 0.0, 1.0, 1.0, 1.0]
['middle_middle_phalange_r_lra', 0.0, 0.0, 0.0, 0.0, 0.0, 0.0, 1.0, 1.0, 1.0]
['middle_proximal_phalange_l_lra', 0.0, 0.0, 0.0, 0.0, 0.0, 0.0, 1.0, 1.0, 1.0]
['middle_proximal_phalange_r_lra', 0.0, 0.0, 0.0, 0.0, 0.0, 0.0, 1.0, 1.0, 1.0]
['neck_01_lra', 0.0, 0.0, 0.0, 0.0, 0.0, 0.0, 1.0, 1.0, 1.0]
['neck_02_lra', 0.0, 0.0, 0.0, 0.0, 0.0, 0.0, 1.0, 1.0, 1.0]
['pec_muscle_l_lra', 0.0, 0.0, 0.0, 0.0, 0.0, 0.0, 1.0, 1.0, 1.0]
['pec_muscle_r_lra', 0.0, 0.0, 0.0, 0.0, 0.0, 0.0, 1.0, 1.0, 1.0]
['pelvis_lra', 0.0, 0.0, 0.0, 0.0, 0.0, 0.0, 1.0, 1.0, 1.0]
['pinky_01_l_lra', 0.0, 0.0, 0.0, -1.1927080055488186e-14, 3.1805546814635168e-15, -6.3611093629270335e-15, 1.0, 1.0000000000000002, 1.0000000000000002]
['pinky_01_r_lra', 0.0, 0.0, 0.0, 0.0, 0.0, 0.0, 1.0, 1.0, 1.0]
['pinky_02_l_lra', 0.0, 0.0, 0.0, 0.0, 0.0, 0.0, 1.0, 1.0, 1.0]
['pinky_02_r_lra', 0.0, 0.0, 0.0, 0.0, 0.0, 0.0, 1.0, 1.0, 1.0]
['pinky_03_l_lra', 0.0, 0.0, 0.0, 0.0, 0.0, 0.0, 1.0, 1.0, 1.0]
['pinky_03_r_lra', 0.0, 0.0, 0.0, 0.0, 0.0, 0.0, 1.0, 1.0, 1.0]
['pinky_distal_phalange_l_lra', 0.0, 0.0, 0.0, 0.0, 0.0, 0.0, 1.0, 1.0, 1.0]
['pinky_distal_phalange_r_lra', 0.0, 0.0, 0.0, 0.0, 0.0, 0.0, 1.0, 1.0, 1.0]
['pinky_metacarpal_l_lra', 0.0, 0.0, 0.0, 0.0, 0.0, 0.0, 1.0, 1.0, 1.0]
['pinky_metacarpal_r_lra', 0.0, 0.0, 0.0, 0.0, 0.0, 0.0, 1.0, 1.0, 1.0]
['pinky_metatarsal_l_lra', 0.0, 0.0, 0.0, 0.0, 0.0, 0.0, 1.0, 1.0, 1.0]
['pinky_metatarsal_r_lra', 0.0, 0.0, 0.0, 0.0, 0.0, 0.0, 1.0, 1.0, 1.0]
['pinky_middle_phalange_l_lra', 0.0, 0.0, 0.0, 0.0, 0.0, 0.0, 1.0, 1.0, 1.0]
['pinky_middle_phalange_r_lra', 0.0, 0.0, 0.0, 0.0, 0.0, 0.0, 1.0, 1.0, 1.0]
['pinky_proximal_phalange_l_lra', 0.0, 0.0, 0.0, 0.0, 0.0, 0.0, 1.0, 1.0, 1.0]
['pinky_proximal_phalange_r_lra', 0.0, 0.0, 0.0, 0.0, 0.0, 0.0, 1.0, 1.0, 1.0]
['ring_01_l_lra', 5.684341886080802e-14, 0.0, -3.552713678800501e-15, -5.9635400277440935e-15, 9.14409470920761e-15, -9.54166404439055e-15, 1.0, 1.0, 1.0]
['ring_01_r_lra', 0.0, 0.0, 0.0, 0.0, 0.0, 0.0, 1.0, 1.0, 1.0]
['ring_02_l_lra', 0.0, 0.0, 0.0, 0.0, 0.0, 0.0, 1.0, 1.0, 1.0]
['ring_02_r_lra', 0.0, 0.0, 0.0, 0.0, 0.0, 0.0, 1.0, 1.0, 1.0]
['ring_03_l_lra', 0.0, 0.0, 0.0, 0.0, 0.0, 0.0, 1.0, 1.0, 1.0]
['ring_03_r_lra', 0.0, 0.0, 0.0, 0.0, 0.0, 0.0, 1.0, 1.0, 1.0]
['ring_distal_phalange_l_lra', 0.0, 0.0, 0.0, 0.0, 0.0, 0.0, 1.0, 1.0, 1.0]
['ring_distal_phalange_r_lra', 0.0, 0.0, 0.0, 0.0, 0.0, 0.0, 1.0, 1.0, 1.0]
['ring_metacarpal_l_lra', 0.0, 0.0, 0.0, 0.0, 0.0, 0.0, 1.0, 1.0, 1.0]
['ring_metacarpal_r_lra', 0.0, 0.0, 0.0, 0.0, 0.0, 0.0, 1.0, 1.0, 1.0]
['ring_metatarsal_l_lra', 0.0, 0.0, 0.0, 0.0, 0.0, 0.0, 1.0, 1.0, 1.0]
['ring_metatarsal_r_lra', 0.0, 0.0, 0.0, 0.0, 0.0, 0.0, 1.0, 1.0, 1.0]
['ring_middle_phalange_l_lra', 0.0, 0.0, 0.0, 0.0, 0.0, 0.0, 1.0, 1.0, 1.0]
['ring_middle_phalange_r_lra', 0.0, 0.0, 0.0, 0.0, 0.0, 0.0, 1.0, 1.0, 1.0]
['ring_proximal_phalange_l_lra', 0.0, 0.0, 0.0, 0.0, 0.0, 0.0, 1.0, 1.0, 1.0]
['ring_proximal_phalange_r_lra', 0.0, 0.0, 0.0, 0.0, 0.0, 0.0, 1.0, 1.0, 1.0]
['root_lra', 0.0, 0.0, 0.0, 0.0, 0.0, 0.0, 1.0, 1.0, 1.0]
['spine_01_lra', 0.0, 0.0, 0.0, 0.0, 0.0, 0.0, 1.0, 1.0, 1.0]
['spine_02_lra', 0.0, 0.0, 0.0, 0.0, 0.0, 0.0, 1.0, 1.0, 1.0]
['spine_03_lra', 0.0, 0.0, 0.0, 0.0, 0.0, 0.0, 1.0, 1.0, 1.0]
['thigh_l_lra', 0.0, 0.0, 0.0, 0.0, 0.0, 0.0, 1.0, 1.0, 1.0]
['thigh_r_lra', 0.0, 0.0, 0.0, 0.0, 0.0, 0.0, 1.0, 1.0, 1.0]
['thigh_twist_01_l_lra', 0.0, 0.0, 0.0, 0.0, 0.0, 0.0, 1.0, 1.0, 1.0]
['thigh_twist_01_r_lra', 0.0, 0.0, 0.0, 0.0, 0.0, 0.0, 1.0, 1.0, 1.0]
['thigh_twist_02_l_lra', 0.0, 0.0, 0.0, 0.0, 0.0, 0.0, 1.0, 1.0, 1.0]
['thigh_twist_02_r_lra', 0.0, 0.0, 0.0, 0.0, 0.0, 0.0, 1.0, 1.0, 1.0]
['thumb_01_l_lra', 0.0, -2.842170943040401e-14, 7.105427357601002e-15, 1.590277340731758e-15, 1.5902773407317576e-15, -1.5902773407317578e-14, 1.0000000000000004, 1.0000000000000002, 1.0000000000000007]
['thumb_01_r_lra', 0.0, 0.0, 0.0, 0.0, 0.0, 0.0, 1.0, 1.0, 1.0]
['thumb_02_l_lra', -2.842170943040401e-14, -2.842170943040401e-14, 7.105427357601002e-15, -1.749305074804934e-14, 1.5902773407317584e-15, -3.1805546814635168e-15, 1.0, 1.0, 1.0]
['thumb_02_r_lra', 0.0, 0.0, 0.0, 0.0, 0.0, 0.0, 1.0, 1.0, 1.0]
['thumb_03_l_lra', 2.842170943040401e-14, 0.0, 7.105427357601002e-15, -3.180554681463516e-15, 1.1131941385122302e-14, 6.36110936292703e-15, 1.0000000000000004, 1.0000000000000002, 1.0000000000000004]
['thumb_03_r_lra', 0.0, 0.0, 0.0, 0.0, 0.0, 0.0, 1.0, 1.0, 1.0]
['toe_index_01_l_lra', 0.0, 0.0, 0.0, 0.0, 0.0, 0.0, 1.0, 1.0, 1.0]
['toe_index_01_r_lra', 0.0, 0.0, 0.0, 0.0, 0.0, 0.0, 1.0, 1.0, 1.0]
['toe_index_02_l_lra', 0.0, 0.0, 0.0, 0.0, 0.0, 0.0, 1.0, 1.0, 1.0]
['toe_index_02_r_lra', 0.0, 0.0, 0.0, 0.0, 0.0, 0.0, 1.0, 1.0, 1.0]
['toe_index_03_l_lra', 0.0, 0.0, 0.0, 0.0, 0.0, 0.0, 1.0, 1.0, 1.0]
['toe_index_03_r_lra', 0.0, 0.0, 0.0, 0.0, 0.0, 0.0, 1.0, 1.0, 1.0]
['toe_mid_01_l_lra', 0.0, 0.0, 0.0, 0.0, 0.0, 0.0, 1.0, 1.0, 1.0]
['toe_mid_01_r_lra', 0.0, 0.0, 0.0, 0.0, 0.0, 0.0, 1.0, 1.0, 1.0]
['toe_mid_02_l_lra', 0.0, 0.0, 0.0, 0.0, 0.0, 0.0, 1.0, 1.0, 1.0]
['toe_mid_02_r_lra', 0.0, 0.0, 0.0, 0.0, 0.0, 0.0, 1.0, 1.0, 1.0]
['toe_mid_03_l_lra', 0.0, 0.0, 0.0, 0.0, 0.0, 0.0, 1.0, 1.0, 1.0]
['toe_mid_03_r_lra', 0.0, 0.0, 0.0, 0.0, 0.0, 0.0, 1.0, 1.0, 1.0]
['toe_pinky_01_l_lra', 0.0, 0.0, 0.0, 0.0, 0.0, 0.0, 1.0, 1.0, 1.0]
['toe_pinky_01_r_lra', 0.0, 0.0, 0.0, 0.0, 0.0, 0.0, 1.0, 1.0, 1.0]
['toe_pinky_02_l_lra', 0.0, 0.0, 0.0, 0.0, 0.0, 0.0, 1.0, 1.0, 1.0]
['toe_pinky_02_r_lra', 0.0, 0.0, 0.0, 0.0, 0.0, 0.0, 1.0, 1.0, 1.0]
['toe_pinky_03_l_lra', 0.0, 0.0, 0.0, 0.0, 0.0, 0.0, 1.0, 1.0, 1.0]
['toe_pinky_03_r_lra', 0.0, 0.0, 0.0, 0.0, 0.0, 0.0, 1.0, 1.0, 1.0]
['tricep_muscle_l_lra', 0.0, 0.0, 0.0, 0.0, 0.0, 0.0, 1.0, 1.0, 1.0]
['tricep_muscle_r_lra', 0.0, 0.0, 0.0, 0.0, 0.0, 0.0, 1.0, 1.0, 1.0]
['upperarm_l_lra', 0.0, 0.0, 0.0, 0.0, 0.0, 0.0, 1.0, 1.0, 1.0]
['upperarm_r_lra', 0.0, 0.0, 0.0, 0.0, 0.0, 0.0, 1.0, 1.0, 1.0]
['upperarm_twist_01_l_lra', 0.0, 0.0, 0.0, 0.0, 0.0, 0.0, 1.0, 1.0, 1.0]
['upperarm_twist_01_r_lra', 0.0, 0.0, 0.0, 0.0, 0.0, 0.0, 1.0, 1.0, 1.0]
['upperarm_twist_02_l_lra', 0.0, 0.0, 0.0, 0.0, 0.0, 0.0, 1.0, 1.0, 1.0]
['upperarm_twist_02_r_lra', 0.0, 0.0, 0.0, 0.0, 0.0, 0.0, 1.0, 1.0, 1.0]
['weapon_r_lra', 0.0, 0.0, 0.0, 0.0, 0.0, 0.0, 1.0, 1.0, 1.0]
