['ball_mover_l', 7.457485015510208, 5.353217236161686, -3.0039441483550817, -6.988523470012611e-18, 3.683495420522091e-14, -6.161214539285968e-22, 1.0, 1.0, 1.0]
['ball_mover_r', -7.457485198974609, -5.353217124938965, 3.003944158554077, -6.988523470012611e-18, 3.683495420522091e-14, -6.161214539285968e-22, 1.0, 1.0, 1.0]
['bigtoe_distal_phalange_mover_l', 1.1368683772161603e-13, -1.9095836023552692e-13, 2.7284841053187847e-12, 0.0, 0.0, 2.3854160110976374e-14, 1.0, 1.0, 1.0]
['bigtoe_distal_phalange_mover_r', -0.0, -0.0, -0.0, 0.0, 0.0, 2.3854160110976374e-14, 1.0, 1.0, 1.0]
['bigtoe_metatarsal_mover_l', -2.0801138589376933e-12, -1.2256862191861728e-13, 7.318590178329032e-13, -5.963540027744077e-16, 3.191736319015537e-14, 5.86414769394836e-15, 1.0, 1.0, 1.0]
['bigtoe_metatarsal_mover_r', 2.0801138589376933e-12, 1.2256862191861728e-13, -7.318590178329032e-13, -5.963540027744077e-16, 3.191736319015537e-14, 5.86414769394836e-15, 1.0, 1.0, 1.0]
['bigtoe_proximal_phalange_mover_l', -3.0198066269804258e-12, -9.450218385609332e-13, 4.309441692385008e-12, -7.156248033292914e-15, 2.1369351766083002e-14, 1.0398922923378762e-14, 1.0, 1.0, 1.0]
['bigtoe_proximal_phalange_mover_r', -0.0, -0.0, -0.0, -7.156248033292914e-15, 2.1369351766083002e-14, 1.0398922923378762e-14, 1.0, 1.0, 1.0]
['calf_mover_l', -2.443611081255824, -0.3532809353437951, -0.03230043224766277, -0.01097134659292206, -0.7513736345245189, 4.949625868759137, 1.0, 1.0, 1.0]
['calf_mover_r', 2.4436111450195312, 0.3532809317111969, 0.0323004312813282, -0.01097134659292206, -0.7513736345245189, 4.949625868759137, 1.0, 1.0, 1.0]
['calf_twist_01_mover_l', 11.451585086475216, 7.949196856316121e-14, -3.268496584496461e-13, 0.0, 0.0, 0.0, 0.4401454529228445, 0.4401454529228445, 0.4401454529228445]
['calf_twist_01_mover_r', -11.451584815979004, -7.949196856316121e-14, 3.268496584496461e-13, 0.0, 0.0, 0.0, 0.4401454529228445, 0.4401454529228445, 0.4401454529228445]
['chest_cloth_01_mover', 1.120153932643298e-13, -32.44902252491907, -13.120222892800484, -83.74471284420163, 0.0, 0.0, 0.33134728682727493, 0.33134728682727493, 0.33134728682727493]
['chest_cloth_02_mover', -2.500767675407565e-14, 74.03789952586169, 8.242295734817162e-13, 0.4165188401123006, 0.0, 0.0, 1.0, 1.0, 1.0]
['chest_cloth_03_mover', -2.3846591480839205e-14, 74.03789952586033, 7.389644451905042e-13, 9.329712390783406, 0.0, 0.0, 1.0, 1.0, 1.0]
['chest_cloth_04_mover', -3.8344727852621116e-14, 74.03789952585885, 4.689582056016661e-13, 0.0, 0.0, 0.0, 1.0, 1.0, 1.0]
['clavicle_mover_l', 5.470379126278064, -3.9096494245176387, -12.45711558674742, 181.73133903350362, 168.32203073773888, 185.16342376112866, 1.0, 1.0, 1.0]
['clavicle_mover_r', -5.47037935256958, 3.90964937210083, 12.457115173339844, 181.73133903350362, 168.32203073773888, 185.16342376112866, 1.0, 1.0, 1.0]
['cloth_chest_bk_l_mover', 28.30553287029017, 36.92123309793625, 21.55970301607102, 2.8755252552775232, 12.320876087778032, -13.659834142992912, 0.4413757288209599, 0.4413757288209599, 0.4413757288209599]
['cloth_chest_bk_r_mover', -28.305532455444336, -36.921234130859375, -21.559703826904297, 2.8755252361297607, 12.320876121520996, -13.659833908081055, 0.4413757288209599, 0.4413757288209599, 0.4413757288209599]
['cloth_chest_fr_l_mover', 31.338396329200943, -26.03239817969675, -4.0422463968737015, 6.42576494099974, -25.898418055182034, 53.048367080741286, 0.4413757288209599, 0.4413757288209599, 0.4413757288209599]
['cloth_chest_fr_r_mover', -31.338396072387695, 26.032398223876953, 4.042246341705322, 6.425765037536621, -25.898418426513672, 53.04836654663086, 0.4413757288209599, 0.4413757288209599, 0.4413757288209599]
['cowl_bk_mover', -1.3673373772944058e-12, 36.32055942694235, 50.43843963023795, -3.975693351829394e-15, 2.5842006786891068e-14, 2.385416011097636e-15, 0.492929150462829, 0.492929150462829, 0.492929150462829]
['cowl_l_mover', 27.252760911089368, 5.207944235280476, 50.06674882221847, -3.975693351829394e-15, 2.5842006786891068e-14, 2.385416011097636e-15, 0.492929150462829, 0.492929150462829, 0.492929150462829]
['cowl_r_mover', -27.252761840820312, -5.207944393157959, -50.066749572753906, -3.9756935570555655e-15, 2.5842006215037048e-14, 2.385416091881692e-15, 0.492929150462829, 0.492929150462829, 0.492929150462829]
['eyeball_l_mover', 6.771274484120433, -17.881055994310415, 12.828029848935955, 3.986976468954221e-09, -6.407699519255458e-15, -3.975693352052337e-15, 0.1844243060493164, 0.1844243060493164, 0.1844243060493164]
['eyeball_r_mover', -6.771274566650391, 17.88105583190918, -12.82802963256836, 3.986976526704211e-09, -6.407699637409797e-15, -3.9756935570555655e-15, 0.1844243060493164, 0.1844243060493164, 0.1844243060493164]
['eyebrow_inner_l_mover', 6.47280603445721, -25.167104794220016, 16.92909711291126, -13.371391758406887, 0.9113984199704761, 21.238565804430234, 0.1844243060493164, 0.1844243060493164, 0.1844243060493164]
['eyebrow_inner_r_mover', -6.472805976867676, 25.167104721069336, -16.929096221923828, -13.371391296386719, 0.9113984107971191, 21.23856544494629, 0.1844243060493164, 0.1844243060493164, 0.1844243060493164]
['eyebrow_mid_mover', 0.01554978085346821, -26.17092041702944, 15.094457759559804, -8.806526891274048, -1.2790817328202722e-14, -3.8000227788513326e-15, 0.1844243060493164, 0.1844243060493164, 0.1844243060493164]
['eyebrow_outer_l_mover', 11.569958558601565, -20.311380531762712, 16.109738021798517, -10.63767177459623, 20.27117895061621, 63.852720275315065, 0.1844243060493164, 0.1844243060493164, 0.1844243060493164]
['eyebrow_outer_r_mover', -11.569958686828613, 20.31138038635254, -16.109737396240234, -10.63767147064209, 20.27117919921875, 63.85272216796876, 0.1844243060493164, 0.1844243060493164, 0.1844243060493164]
['eyelid_bott_l_mover', 6.771274484120433, -17.881055994308888, 12.806311681423486, 3.986976468954221e-09, -6.407699519255458e-15, -3.975693352052337e-15, 0.1844243060493164, 0.1844243060493164, 0.1844243060493164]
['eyelid_bott_r_mover', -6.771274566650391, 17.88105583190918, -12.80631160736084, 3.986976526704211e-09, -6.407699637409797e-15, -3.9756935570555655e-15, 0.1844243060493164, 0.1844243060493164, 0.1844243060493164]
['eyelid_top_l_mover', 6.771274484120433, -17.88105599431193, 12.849772765945504, 3.986976468954221e-09, -6.407699519255458e-15, -3.975693352052337e-15, 0.1844243060493164, 0.1844243060493164, 0.1844243060493164]
['eyelid_top_r_mover', -6.771274566650391, 17.88105583190918, -12.849772453308105, 3.986976526704211e-09, -6.407699637409797e-15, -3.9756935570555655e-15, 0.1844243060493164, 0.1844243060493164, 0.1844243060493164]
['foot_mover_l', 7.955743615677134, -1.147295363931157, 0.13306064807743923, -10.489826955595088, 4.4908599596234255, -3.400809979066708, 1.0, 1.0, 1.0]
['foot_mover_r', -7.955743789672852, 1.147295355796814, -0.13306064903736115, -10.489826955595088, 4.4908599596234255, -3.400809979066708, 1.0, 1.0, 1.0]
['hand_mid_pivot_mover_l', 0.0, 0.0, 0.0, 0.0, 0.0, 0.0, 1.0, 1.0, 1.0]
['hand_mid_pivot_mover_r', 0.0, 0.0, 0.0, 0.0, 0.0, 0.0, 1.0, 1.0, 1.0]
['hand_mover_l', -2.428951904190413, 0.13992129272014608, 3.0163427311435953e-09, -1.5640783019859206, -1.2856208984094668, 2.329376444150094, 1.0, 1.0, 1.0]
['hand_mover_r', 2.4289519786834717, -0.13992129266262054, -3.0163427311435953e-09, -1.5640783019859206, -1.2856208984094668, 2.329376444150094, 1.0, 1.0, 1.0]
['hand_pinky_pivot_mover_l', -0.3673959634141186, 3.3201286691144163, -2.6050520891085553, 0.0, 0.0, 0.0, 1.0, 1.0, 1.0]
['hand_pinky_pivot_mover_r', -0.36739596724510193, 3.3201286792755127, -2.6050519943237305, 0.0, 0.0, 0.0, 1.0, 1.0, 1.0]
['hand_thumb_pivot_mover_l', 3.985612938203539, -3.2643972489396247, 0.3238002835592707, 0.0, 0.0, 0.0, 1.0, 1.0, 1.0]
['hand_thumb_pivot_mover_r', 3.9856128692626953, 3.264397144317627, -0.32380029559135437, 0.0, -0.0, -0.0, 1.0, 1.0, 1.0]
['hand_tip_pivot_mover_l', 1.3089524679831674, 1.4210854715201933e-14, 5.048709793414476e-29, 0.0, 0.0, 0.0, 1.0, 1.0, 1.0]
['hand_tip_pivot_mover_r', 1.3089524507522583, 1.4210854715202004e-14, 5.048709793414476e-29, 0.0, 0.0, 0.0, 1.0, 1.0, 1.0]
['head_mover', 3.749765398249565, -0.6466965688611399, -1.0178939601101936e-13, 0.0, 0.0, 10.962196442869649, 1.0, 1.0, 1.0]
['heel_pivot_l_mover', -2.7388905611128096, 11.001082816266036, 2.3249018247490767, 2.666481628340099e-10, 4.752522923114403e-09, 1.001385714489321e-10, 1.0, 1.0, 1.0]
['heel_pivot_r_mover', -2.7388906478881836, 11.001082420349121, -2.324901819229126, -2.6664817576183e-10, -4.752522819728711e-09, 1.0013857104640422e-10, 1.0, 1.0, 1.0]
['hips_cloth_bk_l_01_mover', 8.952363980878465, 14.582584527364867, -46.96020376131082, -87.51865678368203, 2.6124848817700923, 17.560313829659393, 0.5857670612038773, 0.5857670612038773, 0.5857670612038773]
['hips_cloth_bk_l_02_mover', 1.7702591942077208, 140.39558663523655, 3.5136893536806815, 9.492162464550686, 0.8722310046923865, -4.685875450357833, 1.0, 1.0, 1.0]
['hips_cloth_bk_r_01_mover', -8.952363967895508, -14.582584381103516, 46.960205078125, -87.5186538696289, 2.612484931945801, 17.560314178466797, 0.5857670612038773, 0.5857670612038773, 0.5857670612038773]
['hips_cloth_bk_r_02_mover', -1.770259141921997, -140.3955841064453, -3.5136892795562744, 9.492162704467773, 0.8722310066223145, -4.685875415802002, 1.0, 1.0, 1.0]
['hips_cloth_fr_l_01_mover', 11.7178345397914, -17.94256728414077, -46.75008180127528, -90.16484351371754, 0.26692835502670165, 7.75931996765737, 0.5857670612038773, 0.5857670612038773, 0.5857670612038773]
['hips_cloth_fr_l_02_mover', -1.3760867012201903, 153.63750452072568, 2.3847835146825274, 3.78399772827291, 0.0, 2.1871836527559676, 1.0, 1.0, 1.0]
['hips_cloth_fr_r_01_mover', -11.71783447265625, 17.942567825317383, 46.75008010864258, -90.16484069824219, 0.2669283449649811, 7.759319782257081, 0.5857670612038773, 0.5857670612038773, 0.5857670612038773]
['hips_cloth_fr_r_02_mover', 1.376086711883545, -153.6374969482422, -2.3847835063934326, 3.7839977741241455, 0.0, 2.1871836185455322, 1.0, 1.0, 1.0]
['hips_cloth_main_l_mover', 41.29970250664312, 2.068668679635626, -11.275778185247377, 181.80422504913585, -175.48316430718455, -180.92248049721243, 0.57553, 0.57553, 0.57553]
['hips_cloth_main_r_mover', -41.29970169067383, -2.0686686038970947, 11.275777816772461, 181.80422973632812, -175.48316955566406, -180.9224853515625, 0.57553, 0.57553, 0.57553]
['hood_l_mover', 20.516130844303447, -3.073081051843137, 7.243872732476122, 0.0, 0.0, 0.0, 0.4238432021944852, 0.4238432021944852, 0.4238432021944852]
['hood_r_mover', -20.516130447387695, 3.0730810165405273, -7.24387264251709, 0.0, 0.0, 0.0, 0.4238432021944852, 0.4238432021944852, 0.4238432021944852]
['index_01_mover_l', 3.8788718158095605, -2.6897608515171214, 1.328744249894335, 3.4335494081774165, -9.57524851749057, 6.031640117303227, 1.0, 1.0, 1.0]
['index_01_mover_r', -3.8788719177246094, 2.68976092338562, -1.3287442922592163, 3.4335494081774165, -9.57524851749057, 6.031640117303227, 1.0, 1.0, 1.0]
['index_02_mover_l', 1.314480106414834, 0.21373305486909544, 0.21504826006014, -0.16945227145469702, -4.290337949070035, 5.016970394511662, 1.0, 1.0, 1.0]
['index_02_mover_r', -1.3144800662994385, -0.21373306214809418, -0.21504825353622437, -0.16945227145469702, -4.290337949070035, 5.016970394511662, 1.0, 1.0, 1.0]
['index_03_mover_l', -0.7003269428373926, -0.1120451673338323, -0.30932632675055327, 0.296030388993078, 3.1479701871311385, -1.1385834341085677, 1.0, 1.0, 1.0]
['index_03_mover_r', 0.7003269195556641, 0.11204516887664795, 0.30932632088661194, 0.296030388993078, 3.1479701871311385, -1.1385834341085677, 1.0, 1.0, 1.0]
['index_distal_phalange_mover_l', 8.171241461241152e-14, -2.5757174171303632e-14, 1.2612133559741778e-12, -3.714167273529368e-14, 3.30272683255525e-14, 1.0950513575893265e-14, 1.0, 1.0, 1.0]
['index_distal_phalange_mover_r', -0.0, -0.0, -0.0, -3.714167273529368e-14, 3.30272683255525e-14, 1.0950513575893265e-14, 1.0, 1.0, 1.0]
['index_metacarpal_mover_l', -3.5888753590432287, -2.389466536153293, -0.7910178635648537, 0.028003494319109385, -4.92752711634715, -0.650823723575473, 1.0, 1.0, 1.0]
['index_metacarpal_mover_r', 3.5888752937316895, 2.3894665241241455, 0.7910178899765015, 0.028003494319109385, -4.92752711634715, -0.650823723575473, 1.0, 1.0, 1.0]
['index_metatarsal_mover_l', -7.229772336359019e-13, 6.750155989720952e-14, 5.933031843596837e-13, -2.194085768540848e-14, 4.7077800104436057e-14, 1.3464555218890872e-15, 1.0, 1.0, 1.0]
['index_metatarsal_mover_r', 7.229772336359019e-13, -6.750155989720952e-14, -5.933031843596837e-13, -2.194085768540848e-14, 4.7077800104436057e-14, 1.3464555218890872e-15, 1.0, 1.0, 1.0]
['index_middle_phalange_mover_l', -2.2382096176443156e-13, -2.3092638912203256e-14, 1.3500311979441904e-12, -4.8845120039741484e-14, 4.9266998542698714e-14, -1.0881911046679755e-14, 1.0, 1.0, 1.0]
['index_middle_phalange_mover_r', -0.0, -0.0, -0.0, -4.8845120039741484e-14, 4.9266998542698714e-14, -1.0881911046679755e-14, 1.0, 1.0, 1.0]
['index_proximal_phalange_mover_l', -6.039613253960852e-13, 1.1457501614131615e-13, 4.714451051768265e-12, -1.7990012417028016e-14, 3.9806629685191826e-14, -1.2921003393445599e-15, 1.0, 1.0, 1.0]
['index_proximal_phalange_mover_r', -0.0, -0.0, -0.0, -1.7990012417028016e-14, 3.9806629685191826e-14, -1.2921003393445599e-15, 1.0, 1.0, 1.0]
['inside_pivot_l_mover', 11.399475738259223, -5.312863027888447, -3.957327606048704, -2.282423289402019e-09, -3.783209363062186e-09, -1.4121662710344424e-11, 1.0, 1.0, 1.0]
['inside_pivot_r_mover', 11.399476051330566, -5.312862873077393, 3.9573276042938232, 2.2824233614215927e-09, 3.783209301388979e-09, -1.4121663040322918e-11, 1.0, 1.0, 1.0]
['jaw_mover', 4.059828392070247e-14, -4.490367410316907, 5.059735936718823, 3.9869790531549e-09, 6.314519206608984e-15, -4.2738703529969e-15, 0.32388887014855217, 0.32388887014855217, 0.32388887014855217]
['loin_cloth_bk_01_mover', -1.4634133060177355e-15, 37.783174969154466, -12.918834320639151, -83.99095641973422, 0.0, 0.0, 0.39231708150970196, 0.39231708150970196, 0.39231708150970196]
['loin_cloth_bk_02_mover', -7.643051665357439e-15, 69.41954052395532, 2.842170943040426e-14, -6.943792265303849, 0.0, 0.0, 1.0, 1.0, 1.0]
['loin_cloth_bk_03_mover', -7.643051665357439e-15, 69.41954052395532, 2.842170943040426e-14, 0.0, 0.0, 0.0, 1.0, 1.0, 1.0]
['loin_cloth_fr_01_mover', -5.636657622931981e-15, -27.501053755213388, -50.96119574850574, -89.18221907861532, 0.0, 0.0, 0.39231708150970196, 0.39231708150970196, 0.39231708150970196]
['loin_cloth_fr_02_mover', -6.679856254318102e-15, 60.18495055166643, -0.06347300355687158, 0.4929196197192291, 0.0, 0.0, 1.0, 1.0, 1.0]
['loin_cloth_fr_03_mover', -7.090594793097194e-15, 63.88464281805482, 1.4210854715201855e-14, 0.0, 0.0, 0.0, 1.0, 1.0, 1.0]
['lowerarm_mover_l', -1.2446421072392155, -0.18727231870904149, 0.03158221954387841, -0.6348448022129536, 1.3022120473305676, -10.265551937660533, 1.0, 1.0, 1.0]
['lowerarm_mover_r', 1.2446421384811401, 0.1872723251581192, -0.031582221388816833, -0.6348448022129536, 1.3022120473305676, -10.265551937660533, 1.0, 1.0, 1.0]
['lowerarm_twist_01_mover_l', 0.0, 0.0, 0.0, 0.0, 0.0, 0.0, 0.3643912598253722, 0.3643912598253722, 0.3643912598253722]
['lowerarm_twist_01_mover_r', -0.0, -0.0, -0.0, 0.0, 0.0, 0.0, 0.3643912598253722, 0.3643912598253722, 0.3643912598253722]
['lowerarm_twist_02_mover_l', 0.0, 0.0, 0.0, 0.0, 0.0, 0.0, 0.26394963914683567, 0.26394963914683567, 0.26394963914683567]
['lowerarm_twist_02_mover_r', -0.0, -0.0, -0.0, 0.0, 0.0, 0.0, 0.26394963914683567, 0.26394963914683567, 0.26394963914683567]
['middle_01_mover_l', 4.296977874213084, -3.4508567668119383, 0.8729501113811029, -2.3345144828098694, -7.0639955172049484, -1.3630098830272237, 1.0, 1.0, 1.0]
['middle_01_mover_r', -4.296977996826172, 3.4508566856384277, -0.8729501366615295, -2.3345144828098694, -7.0639955172049484, -1.3630098830272237, 1.0, 1.0, 1.0]
['middle_02_mover_l', -0.13886971390081726, 0.20010551680857702, -0.2581036854324168, 0.8058657505736895, 2.2214903189888786, 9.48618269874237, 1.0, 1.0, 1.0]
['middle_02_mover_r', 0.13886971771717072, -0.20010551810264587, 0.25810369849205017, 0.8058657505736895, 2.2214903189888786, 9.48618269874237, 1.0, 1.0, 1.0]
['middle_03_mover_l', 0.3822146689814474, -0.226064931577298, -0.3794376606521581, 0.20935818622257718, 3.993175906481495, -1.7471570584676572, 1.0, 1.0, 1.0]
['middle_03_mover_r', -0.38221466541290283, 0.22606493532657623, 0.379437655210495, 0.20935818622257718, 3.993175906481495, -1.7471570584676572, 1.0, 1.0, 1.0]
['middle_distal_phalange_mover_l', -3.552713678800501e-15, -3.552713678800501e-15, 1.1688428003253648e-12, -4.029737933330828e-14, 4.737395704948457e-14, -1.740614928186981e-14, 1.0, 1.0, 1.0]
['middle_distal_phalange_mover_r', -0.0, -0.0, -0.0, -4.029737933330828e-14, 4.737395704948457e-14, -1.740614928186981e-14, 1.0, 1.0, 1.0]
['middle_metacarpal_mover_l', -3.6638251392366072, -2.3636827115040546, -0.4524120394922697, 0.05355550418610763, -2.7334223993936604, -2.2444606938101694, 1.0, 1.0, 1.0]
['middle_metacarpal_mover_r', 3.663825035095215, 2.363682746887207, 0.45241203904151917, 0.05355550418610763, -2.7334223993936604, -2.2444606938101694, 1.0, 1.0, 1.0]
['middle_metatarsal_mover_l', 6.590283874174929e-13, 1.8118839761882555e-13, 7.425171588693047e-13, -2.5438225430845898e-14, 4.0328439437619445e-14, 1.4270953177069632e-14, 1.0, 1.0, 1.0]
['middle_metatarsal_mover_r', -6.590283874174929e-13, -1.8118839761882555e-13, -7.425171588693047e-13, -2.5438225430845898e-14, 4.0328439437619445e-14, 1.4270953177069632e-14, 1.0, 1.0, 1.0]
['middle_middle_phalange_mover_l', 9.592326932761353e-14, -3.019806626980426e-14, 1.2470025012589758e-12, -3.460561521828689e-14, 3.1636564470744035e-14, -1.188297046678344e-14, 1.0, 1.0, 1.0]
['middle_middle_phalange_mover_r', -0.0, -0.0, -0.0, -3.460561521828689e-14, 3.1636564470744035e-14, -1.188297046678344e-14, 1.0, 1.0, 1.0]
['middle_proximal_phalange_mover_l', 5.755396159656812e-13, 1.4832579608992091e-13, 4.259703700881801e-12, -1.925726467292366e-15, 3.8971889381829224e-14, -5.168401357378216e-15, 1.0, 1.0, 1.0]
['middle_proximal_phalange_mover_r', -0.0, -0.0, -0.0, -1.925726467292366e-15, 3.8971889381829224e-14, -5.168401357378216e-15, 1.0, 1.0, 1.0]
['neck_01_mover', -12.062176613500696, -4.891641995247824, 2.9188029543778147e-12, 0.0, 0.0, 3.1805546814635168e-15, 1.0, 1.0, 1.0]
['neck_02_mover', -3.254919101382825, -1.2777150578936585, -7.142831539837743e-14, 0.0, 0.0, -10.962196438882659, 1.0, 1.0, 1.0]
['outer_ring_A_l_mover', 0.0, 1.2079226507921703e-13, 1.2505552149377763e-12, 0.0, 0.0, 0.0, 1.0, 1.0, 1.0]
['outer_ring_A_piston01_l_mover', 33.51661156910637, -0.019151440828757416, 77.99320218368263, 0.0, 30.122798679036578, 0.0, 0.4238180700148219, 0.4238180700148219, 0.4238180700148219]
['outer_ring_A_piston01_r_mover', -33.5166130065918, 0.019151441752910614, -77.99320220947266, 0.0, 30.122798919677734, 0.0, 0.4238180700148219, 0.4238180700148219, 0.4238180700148219]
['outer_ring_A_piston02_l_mover', 79.67526350165078, -0.019151440828757416, 8.427208921924716, 0.0, 85.42038912212439, 0.0, 0.4238180700148219, 0.4238180700148219, 0.4238180700148219]
['outer_ring_A_piston02_r_mover', -79.67526245117188, 0.019151441752910614, -8.42720890045166, 0.0, 85.4203872680664, 0.0, 0.4238180700148219, 0.4238180700148219, 0.4238180700148219]
['outer_ring_A_r_mover', -0.0, -1.2079226507921703e-13, -1.2505552149377763e-12, 0.0, 0.0, 0.0, 1.0, 1.0, 1.0]
['outer_ring_B_l_mover', 0.0, 0.0, -4.547473508864641e-13, 0.0, 0.0, 0.0, 1.0, 1.0, 1.0]
['outer_ring_B_piston01_l_mover', 55.83448969624256, -0.08280920144888171, -55.64341821191965, 0.0, 135.19079790636644, 0.0, 0.4238180700148219, 0.4238180700148219, 0.4238180700148219]
['outer_ring_B_piston01_r_mover', -55.83448791503906, 0.0828092023730278, 55.64341735839844, 0.0, 135.1907958984375, 0.0, 0.4238180700148219, 0.4238180700148219, 0.4238180700148219]
['outer_ring_B_r_mover', -0.0, -0.0, 4.547473508864641e-13, 0.0, 0.0, 0.0, 1.0, 1.0, 1.0]
['outer_ring_C_l_mover', 0.0, -7.105427357601002e-15, -1.7053025658242404e-13, 0.0, 0.0, 0.0, 1.0, 1.0, 1.0]
['outer_ring_C_r_mover', -0.0, 7.105427357601002e-15, 1.7053025658242404e-13, 0.0, 0.0, 0.0, 1.0, 1.0, 1.0]
['outer_ring_base_ik_mover', 3.2991428389423073e-07, 59.847973870192305, 334.6563485576923, 0.0, -0.0, 0.0, 1.0, 1.0, 1.0]
['outer_ring_base_mover', 3.2991303035032796e-07, 68.36927724109233, -3.572661062376028, 0.0, -0.0, 0.0, 1.0, 1.0, 1.0]
['outside_pivot_l_mover', 4.3213946693989485, -5.31286302788847, -8.02011834035649, -1.2433106305303589e-09, 4.297689527226239e-09, 1.451605151956985e-11, 1.0, 1.0, 1.0]
['outside_pivot_r_mover', 4.321394443511963, -5.312862873077393, 8.020118713378906, 1.2433106766351898e-09, -4.2976893155355356e-09, 1.4516051555224509e-11, 1.0, 1.0, 1.0]
['pelvis_mover', 27.029421046389132, -20.058547731364754, -7.951717924627799e-28, -3.7272125173400575e-17, -1.2722315788680037e-14, -4.969616689786744e-17, 1.0, 1.0, 1.0]
['pinky_01_mover_l', 5.371988298253896, -3.769825985538205, 0.8230903607734845, -5.897067025729787, -4.385936058420613, 8.273919658151875, 1.0, 1.0, 1.0]
['pinky_01_mover_r', -5.371988296508789, 3.7698259353637695, -0.8230903744697571, -5.897067025729787, -4.385936058420613, 8.273919658151875, 1.0, 1.0, 1.0]
['pinky_02_mover_l', -0.015306562908349974, -0.19575880831268933, 0.01900452077152437, -0.018530489303570694, -0.8029673724906059, 6.81055318371716, 1.0, 1.0, 1.0]
['pinky_02_mover_r', 0.01530656311661005, 0.19575880467891693, -0.019004520028829575, -0.018530489303570694, -0.8029673724906059, 6.81055318371716, 1.0, 1.0, 1.0]
['pinky_03_mover_l', -1.3766029568047031, -0.7111893492425736, -0.056104374909466515, 0.04097906658089017, 0.6698253386954405, -10.562491458357503, 1.0, 1.0, 1.0]
['pinky_03_mover_r', 1.3766030073165894, 0.711189329624176, 0.056104373186826706, 0.04097906658089017, 0.6698253386954405, -10.562491458357503, 1.0, 1.0, 1.0]
['pinky_distal_phalange_mover_l', 7.105427357601002e-15, 1.0658141036401503e-14, 7.247535904753022e-13, -9.044702375411875e-15, 3.1221616853585224e-14, 1.8993253786278692e-15, 1.0, 1.0, 1.0]
['pinky_distal_phalange_mover_r', -0.0, -0.0, -0.0, -9.044702375411875e-15, 3.1221616853585224e-14, 1.8993253786278692e-15, 1.0, 1.0, 1.0]
['pinky_metacarpal_mover_l', -3.710229166341847, -2.320767931779443, -0.2520378064188318, 0.1666368485904763, -4.48307455547094, -4.25526633901699, 1.0, 1.0, 1.0]
['pinky_metacarpal_mover_r', 3.7102291584014893, 2.320767879486084, 0.25203779339790344, 0.1666368485904763, -4.48307455547094, -4.25526633901699, 1.0, 1.0, 1.0]
['pinky_metatarsal_mover_l', 3.097966327914037e-12, 3.979039320256561e-13, 7.176481631177012e-13, 7.957598724521025e-15, 4.7827125120942963e-14, -1.3841158983663536e-16, 1.0, 1.0, 1.0]
['pinky_metatarsal_mover_r', -3.097966327914037e-12, -3.979039320256561e-13, -7.176481631177012e-13, 7.957598724521025e-15, 4.7827125120942963e-14, -1.3841158983663536e-16, 1.0, 1.0, 1.0]
['pinky_middle_phalange_mover_l', 2.1316282072803006e-13, 9.237055564881302e-14, 1.0302869668521453e-12, 0.0, 0.0, -6.3611093629270335e-15, 1.0, 1.0, 1.0]
['pinky_middle_phalange_mover_r', -0.0, -0.0, -0.0, 0.0, 0.0, -6.3611093629270335e-15, 1.0, 1.0, 1.0]
['pinky_proximal_phalange_mover_l', 2.9203306439740118e-12, 1.4166445794216997e-13, 3.169020601490047e-12, -4.76772601176416e-15, 3.495140153581354e-14, -1.0408435080324059e-14, 1.0, 1.0, 1.0]
['pinky_proximal_phalange_mover_r', -0.0, -0.0, -0.0, -4.76772601176416e-15, 3.495140153581354e-14, -1.0408435080324059e-14, 1.0, 1.0, 1.0]
['portal_mover', 0.0, -7.105427357601002e-15, -1.1368683772161603e-13, 0.0, -0.0, 0.0, 0.5620261124656122, 0.5620261124656122, 0.5620261124656122]
['portal_ring_mover', 0.0, 7.105427357601002e-15, 1.1368683772161603e-13, 0.0, -0.0, 0.0, 1.0, 1.0, 1.0]
['ring_01_mover_l', 4.6024070981720655, -4.051482695772563, 1.1735605582075692, -4.423016028861351, -4.34305958997841, 0.5650453856740728, 1.0, 1.0, 1.0]
['ring_01_mover_r', -4.602406978607178, 4.051482677459717, -1.1735605001449585, -4.423016028861351, -4.34305958997841, 0.5650453856740728, 1.0, 1.0, 1.0]
['ring_02_mover_l', 0.8195214280827798, 0.16736714613713843, -0.1526370060109734, 0.1127095159566651, -0.6879694262312657, 15.39540910178567, 1.0, 1.0, 1.0]
['ring_02_mover_r', -0.819521427154541, -0.1673671454191208, 0.15263700485229492, 0.1127095159566651, -0.6879694262312657, 15.39540910178567, 1.0, 1.0, 1.0]
['ring_03_mover_l', 0.8602562151246786, -0.3715142697361955, 0.1526370072819887, -0.026986409157826474, 1.076061018159228, -2.865539472649392, 1.0, 1.0, 1.0]
['ring_03_mover_r', -0.8602561950683594, 0.3715142607688904, -0.15263700485229492, -0.026986409157826474, 1.076061018159228, -2.865539472649392, 1.0, 1.0, 1.0]
['ring_distal_phalange_mover_l', -1.5987211554602254e-13, -1.0835776720341528e-13, 1.1972645097557688e-12, -5.283711994633423e-14, 4.300571263204396e-14, -6.2703150115308104e-15, 1.0, 1.0, 1.0]
['ring_distal_phalange_mover_r', -0.0, -0.0, -0.0, -5.283711994633423e-14, 4.300571263204396e-14, -6.2703150115308104e-15, 1.0, 1.0, 1.0]
['ring_metacarpal_mover_l', -3.6874116720047425, -2.327541675276734, -0.4481430672090747, 0.1501972970086778, -4.883755484253147, -3.520962024546508, 1.0, 1.0, 1.0]
['ring_metacarpal_mover_r', 3.6874117851257324, 2.3275415897369385, 0.4481430649757385, 0.1501972970086778, -4.883755484253147, -3.520962024546508, 1.0, 1.0, 1.0]
['ring_metatarsal_mover_l', 1.7994494783124537e-12, 3.304023721284466e-13, 6.785683126508957e-13, -1.4436736483830497e-14, 7.376153571815976e-14, -3.2861590361214943e-15, 1.0, 1.0, 1.0]
['ring_metatarsal_mover_r', -1.7994494783124537e-12, -3.304023721284466e-13, -6.785683126508957e-13, -1.4436736483830497e-14, 7.376153571815976e-14, -3.2861590361214943e-15, 1.0, 1.0, 1.0]
['ring_middle_phalange_mover_l', -2.1316282072803006e-14, 1.2434497875801753e-14, 1.4104273304837989e-12, -1.7120329496315342e-14, 4.144194417717478e-14, -1.890453836333995e-14, 1.0, 1.0, 1.0]
['ring_middle_phalange_mover_r', -0.0, -0.0, -0.0, -1.7120329496315342e-14, 4.144194417717478e-14, -1.890453836333995e-14, 1.0, 1.0, 1.0]
['ring_proximal_phalange_mover_l', 1.929123527588672e-12, 1.247890679678676e-13, 3.5633718198369024e-12, -8.69682920712651e-17, 3.3443190814441456e-14, 1.008210985940486e-14, 1.0, 1.0, 1.0]
['ring_proximal_phalange_mover_r', -0.0, -0.0, -0.0, -8.69682920712651e-17, 3.3443190814441456e-14, 1.008210985940486e-14, 1.0, 1.0, 1.0]
['root_mover', 0.0, 0.0, 0.0, 0.0, 0.0, 0.0, 0.41600000000000004, 0.41600000000000004, 0.41600000000000004]
['spine_01_mover', -2.307508130536405, 4.4162982047151935, -7.694847237257056e-16, 0.0, 0.0, 14.95509556134139, 1.0, 1.0, 1.0]
['spine_02_mover', -0.7485280371832346, -2.269917758723473, -2.2283446171188703e-16, 0.0, 0.0, -3.9068099855430196, 1.0, 1.0, 1.0]
['spine_03_mover', -11.650384126960887, -0.4868280133938754, -3.188697247287138e-12, 0.0, 0.0, -11.048285575798383, 1.0, 1.0, 1.0]
['thigh_mover_l', -27.67435061178344, -0.07275244881297782, -3.3940178259720213, -3.6891484107255166, -4.332627987679156, -2.2624613395528073, 1.0, 1.0, 1.0]
['thigh_mover_r', 27.67435073852539, 0.072752445936203, 3.3940179347991943, -3.6891484107255166, -4.332627987679156, -2.2624613395528073, 1.0, 1.0, 1.0]
['thigh_twist_01_mover_l', 0.0, 0.0, 0.0, 0.0, 0.0, 0.0, 0.5755288909583053, 0.5755288909583053, 0.5755288909583053]
['thigh_twist_01_mover_r', -0.0, -0.0, -0.0, 0.0, 0.0, 0.0, 0.5755288909583053, 0.5755288909583053, 0.5755288909583053]
['thigh_twist_02_mover_l', 0.0, 0.0, 0.0, 0.0, 0.0, 0.0, 0.49405037927540046, 0.49405037927540046, 0.49405037927540046]
['thigh_twist_02_mover_r', -0.0, -0.0, -0.0, 0.0, 0.0, 0.0, 0.49405037927540046, 0.49405037927540046, 0.49405037927540046]
['thumb_01_mover_l', -0.36061288285156934, 2.3293835782837675, 2.746919175021219, -15.786791789294048, -5.196891773651404, 13.828588169944021, 1.0, 1.0, 1.0]
['thumb_01_mover_r', 0.3606128692626953, -2.329383611679077, -2.7469191551208496, -15.786791789294048, -5.196891773651404, 13.828588169944021, 1.0, 1.0, 1.0]
['thumb_02_mover_l', 6.0133196767394, 0.3263871356444952, 0.1560724637593367, 43.92847836004797, -0.23258755488287228, -1.8316269908994356, 1.0, 1.0, 1.0]
['thumb_02_mover_r', -6.013319492340088, -0.3263871371746063, -0.1560724675655365, 43.92847836004797, -0.23258755488287228, -1.8316269908994356, 1.0, 1.0, 1.0]
['thumb_03_mover_l', -1.8585581357626495, 0.2237073371915912, 0.04921591871024589, -0.002707731797879575, -0.3742902408990958, -10.453297983928941, 1.0, 1.0, 1.0]
['thumb_03_mover_r', 1.858558177947998, -0.22370733320713043, -0.04921592026948929, -0.002707731797879575, -0.3742902408990958, -10.453297983928941, 1.0, 1.0, 1.0]
['toe_pivot_l_mover', -1.9018822326511704, -1.2240145214846683, 2.4542993374851645, -7.98136241772874e-08, 4.749706511058603e-09, 2.505469990160872e-10, 1.0, 1.0, 1.0]
['toe_pivot_r_mover', -1.901882290840149, -1.2240145206451416, -2.4542994499206543, 7.981362415421245e-08, -4.7497064059598415e-09, 2.5054699981374995e-10, 1.0, 1.0, 1.0]
['upperarm_mover_l', -13.080271549208817, -1.1688795056828631, 1.8684849464621323, 0.6454321979227077, -34.294145060596776, -6.054211665306715, 1.0, 1.0, 1.0]
['upperarm_mover_r', 13.08027172088623, 1.168879508972168, -1.8684849739074707, 0.6454321979227077, -34.294145060596776, -6.054211665306715, 1.0, 1.0, 1.0]
['upperarm_twist_01_mover_l', 0.0, 0.0, 0.0, 0.0, 0.0, 0.0, 0.5332271644280923, 0.5332271644280923, 0.5332271644280923]
['upperarm_twist_01_mover_r', -0.0, -0.0, -0.0, 0.0, 0.0, 0.0, 0.5332271644280923, 0.5332271644280923, 0.5332271644280923]
['upperarm_twist_02_mover_l', 0.0, 0.0, 0.0, 0.0, 0.0, 0.0, 0.4164190320593544, 0.4164190320593544, 0.4164190320593544]
['upperarm_twist_02_mover_r', -0.0, -0.0, -0.0, 0.0, 0.0, 0.0, 0.4164190320593544, 0.4164190320593544, 0.4164190320593544]
['ball_mover_offset_l', 0.0, 0.0, 0.0, 0.0, 0.0, 0.0, 1.0, 1.0, 1.0]
['ball_mover_offset_r', -0.0, -0.0, -0.0, 0.0, 0.0, 0.0, 1.0, 1.0, 1.0]
['bigtoe_distal_phalange_mover_offset_l', 0.0, 0.0, 0.0, 0.0, 0.0, 0.0, 1.0, 1.0, 1.0]
['bigtoe_distal_phalange_mover_offset_r', -0.0, -0.0, -0.0, 0.0, 0.0, 0.0, 1.0, 1.0, 1.0]
['bigtoe_metatarsal_mover_offset_l', 0.0, 0.0, 0.0, 0.0, 0.0, 0.0, 1.0, 1.0, 1.0]
['bigtoe_metatarsal_mover_offset_r', -0.0, -0.0, -0.0, 0.0, 0.0, 0.0, 1.0, 1.0, 1.0]
['bigtoe_proximal_phalange_mover_offset_l', 0.0, 0.0, 0.0, 0.0, 0.0, 0.0, 1.0, 1.0, 1.0]
['bigtoe_proximal_phalange_mover_offset_r', -0.0, -0.0, -0.0, 0.0, 0.0, 0.0, 1.0, 1.0, 1.0]
['calf_mover_offset_l', 0.0, 0.0, 0.0, 0.0, 0.0, 0.0, 1.0, 1.0, 1.0]
['calf_mover_offset_r', -0.0, -0.0, -0.0, 0.0, 0.0, 0.0, 1.0, 1.0, 1.0]
['calf_twist_01_mover_offset_l', 0.0, 0.0, 0.0, 0.0, 0.0, 0.0, 1.0, 1.0, 1.0]
['calf_twist_01_mover_offset_r', -0.0, -0.0, -0.0, 0.0, 0.0, 0.0, 1.0, 1.0, 1.0]
['chest_cloth_01_mover_offset', 0.0, 0.0, 0.0, 0.0, 0.0, 0.0, 1.0, 1.0, 1.0]
['chest_cloth_02_mover_offset', 0.0, 0.0, 0.0, 0.0, 0.0, 0.0, 1.0, 1.0, 1.0]
['chest_cloth_03_mover_offset', 0.0, 0.0, 0.0, 0.0, 0.0, 0.0, 1.0, 1.0, 1.0]
['chest_cloth_04_mover_offset', 0.0, 0.0, 0.0, 0.0, 0.0, 0.0, 1.0, 1.0, 1.0]
['clavicle_mover_offset_l', 0.0, 0.0, 0.0, 0.0, 0.0, 0.0, 1.0, 1.0, 1.0]
['clavicle_mover_offset_r', -0.0, -0.0, -0.0, 0.0, 0.0, 0.0, 1.0, 1.0, 1.0]
['cloth_chest_bk_l_mover_offset', 0.0, 0.0, 0.0, 0.0, 0.0, 0.0, 1.0, 1.0, 1.0]
['cloth_chest_bk_r_mover_offset', 0.0, 0.0, 0.0, 0.0, 0.0, 0.0, 1.0, 1.0, 1.0]
['cloth_chest_fr_l_mover_offset', 0.0, 0.0, 0.0, 0.0, 0.0, 0.0, 1.0, 1.0, 1.0]
['cloth_chest_fr_r_mover_offset', 0.0, 0.0, 0.0, 0.0, 0.0, 0.0, 1.0, 1.0, 1.0]
['cowl_bk_mover_offset', 0.0, 0.0, 0.0, 0.0, 0.0, 0.0, 1.0, 1.0, 1.0]
['cowl_l_mover_offset', 0.0, 0.0, 0.0, 0.0, 0.0, 0.0, 1.0, 1.0, 1.0]
['cowl_r_mover_offset', 0.0, 0.0, 0.0, 0.0, 0.0, 0.0, 1.0, 1.0, 1.0]
['eyeball_l_mover_offset', 0.0, 0.0, 0.0, 0.0, 0.0, 0.0, 1.0, 1.0, 1.0]
['eyeball_r_mover_offset', 0.0, 0.0, 0.0, 0.0, 0.0, 0.0, 1.0, 1.0, 1.0]
['eyebrow_inner_l_mover_offset', 0.0, 0.0, 0.0, 0.0, 0.0, 0.0, 1.0, 1.0, 1.0]
['eyebrow_inner_r_mover_offset', 0.0, 0.0, 0.0, 0.0, 0.0, 0.0, 1.0, 1.0, 1.0]
['eyebrow_mid_mover_offset', 0.0, 0.0, 0.0, 0.0, 0.0, 0.0, 1.0, 1.0, 1.0]
['eyebrow_outer_l_mover_offset', 0.0, 0.0, 0.0, 0.0, 0.0, 0.0, 1.0, 1.0, 1.0]
['eyebrow_outer_r_mover_offset', 0.0, 0.0, 0.0, 0.0, 0.0, 0.0, 1.0, 1.0, 1.0]
['eyelid_bott_l_mover_offset', 0.0, 0.0, 0.0, 0.0, 0.0, 0.0, 1.0, 1.0, 1.0]
['eyelid_bott_r_mover_offset', 0.0, 0.0, 0.0, 0.0, 0.0, 0.0, 1.0, 1.0, 1.0]
['eyelid_top_l_mover_offset', 0.0, 0.0, 0.0, 0.0, 0.0, 0.0, 1.0, 1.0, 1.0]
['eyelid_top_r_mover_offset', 0.0, 0.0, 0.0, 0.0, 0.0, 0.0, 1.0, 1.0, 1.0]
['foot_mover_offset_l', 0.0, 0.0, 0.0, 0.0, 0.0, 0.0, 1.0, 1.0, 1.0]
['foot_mover_offset_r', -0.0, -0.0, -0.0, 0.0, 0.0, 0.0, 1.0, 1.0, 1.0]
['hand_mover_offset_l', 0.0, 0.0, 0.0, 0.0, 0.0, 0.0, 1.0, 1.0, 1.0]
['hand_mover_offset_r', -0.0, -0.0, -0.0, 0.0, 0.0, 0.0, 1.0, 1.0, 1.0]
['head_mover_offset', 0.0, 0.0, 0.0, 0.0, 0.0, 0.0, 1.0, 1.0, 1.0]
['hips_cloth_bk_l_01_mover_offset', 0.0, 0.0, 0.0, 0.0, 0.0, 0.0, 1.0, 1.0, 1.0]
['hips_cloth_bk_l_02_mover_offset', 0.0, 0.0, 0.0, 0.0, 0.0, 0.0, 1.0, 1.0, 1.0]
['hips_cloth_bk_r_01_mover_offset', 0.0, 0.0, 0.0, 0.0, 0.0, 0.0, 1.0, 1.0, 1.0]
['hips_cloth_bk_r_02_mover_offset', 0.0, 0.0, 0.0, 0.0, 0.0, 0.0, 1.0, 1.0, 1.0]
['hips_cloth_fr_l_01_mover_offset', 0.0, 0.0, 0.0, 0.0, 0.0, 0.0, 1.0, 1.0, 1.0]
['hips_cloth_fr_l_02_mover_offset', 0.0, 0.0, 0.0, 0.0, 0.0, 0.0, 1.0, 1.0, 1.0]
['hips_cloth_fr_r_01_mover_offset', 0.0, 0.0, 0.0, 0.0, 0.0, 0.0, 1.0, 1.0, 1.0]
['hips_cloth_fr_r_02_mover_offset', 0.0, 0.0, 0.0, 0.0, 0.0, 0.0, 1.0, 1.0, 1.0]
['hips_cloth_main_l_mover_offset', 0.0, 0.0, 0.0, 0.0, 0.0, 0.0, 1.0, 1.0, 1.0]
['hips_cloth_main_r_mover_offset', 0.0, 0.0, 0.0, 0.0, 0.0, 0.0, 1.0, 1.0, 1.0]
['hood_l_mover_offset', 0.0, 0.0, 0.0, 0.0, 0.0, 0.0, 1.0, 1.0, 1.0]
['hood_r_mover_offset', 0.0, 0.0, 0.0, 0.0, 0.0, 0.0, 1.0, 1.0, 1.0]
['index_01_mover_offset_l', 0.0, 0.0, 0.0, 0.0, 0.0, 0.0, 1.0, 1.0, 1.0]
['index_01_mover_offset_r', -0.0, -0.0, -0.0, 0.0, 0.0, 0.0, 1.0, 1.0, 1.0]
['index_02_mover_offset_l', 0.0, 0.0, 0.0, 0.0, 0.0, 0.0, 1.0, 1.0, 1.0]
['index_02_mover_offset_r', -0.0, -0.0, -0.0, 0.0, 0.0, 0.0, 1.0, 1.0, 1.0]
['index_03_mover_offset_l', 0.0, 0.0, 0.0, 0.0, 0.0, 0.0, 1.0, 1.0, 1.0]
['index_03_mover_offset_r', -0.0, -0.0, -0.0, 0.0, 0.0, 0.0, 1.0, 1.0, 1.0]
['index_distal_phalange_mover_offset_l', 0.0, 0.0, 0.0, 0.0, 0.0, 0.0, 1.0, 1.0, 1.0]
['index_distal_phalange_mover_offset_r', -0.0, -0.0, -0.0, 0.0, 0.0, 0.0, 1.0, 1.0, 1.0]
['index_metacarpal_mover_offset_l', 0.0, 0.0, 0.0, 0.0, 0.0, 0.0, 1.0, 1.0, 1.0]
['index_metacarpal_mover_offset_r', -0.0, -0.0, -0.0, 0.0, 0.0, 0.0, 1.0, 1.0, 1.0]
['index_metatarsal_mover_offset_l', 0.0, 0.0, 0.0, 0.0, 0.0, 0.0, 1.0, 1.0, 1.0]
['index_metatarsal_mover_offset_r', -0.0, -0.0, -0.0, 0.0, 0.0, 0.0, 1.0, 1.0, 1.0]
['index_middle_phalange_mover_offset_l', 0.0, 0.0, 0.0, 0.0, 0.0, 0.0, 1.0, 1.0, 1.0]
['index_middle_phalange_mover_offset_r', -0.0, -0.0, -0.0, 0.0, 0.0, 0.0, 1.0, 1.0, 1.0]
['index_proximal_phalange_mover_offset_l', 0.0, 0.0, 0.0, 0.0, 0.0, 0.0, 1.0, 1.0, 1.0]
['index_proximal_phalange_mover_offset_r', -0.0, -0.0, -0.0, 0.0, 0.0, 0.0, 1.0, 1.0, 1.0]
['jaw_mover_offset', 0.0, 0.0, 0.0, 0.0, 0.0, 0.0, 1.0, 1.0, 1.0]
['loin_cloth_bk_01_mover_offset', 0.0, 0.0, 0.0, 0.0, 0.0, 0.0, 1.0, 1.0, 1.0]
['loin_cloth_bk_02_mover_offset', 0.0, 0.0, 0.0, 0.0, 0.0, 0.0, 1.0, 1.0, 1.0]
['loin_cloth_bk_03_mover_offset', 0.0, 0.0, 0.0, 0.0, 0.0, 0.0, 1.0, 1.0, 1.0]
['loin_cloth_fr_01_mover_offset', 0.0, 0.0, 0.0, 0.0, 0.0, 0.0, 1.0, 1.0, 1.0]
['loin_cloth_fr_02_mover_offset', 0.0, 0.0, 0.0, 0.0, 0.0, 0.0, 1.0, 1.0, 1.0]
['loin_cloth_fr_03_mover_offset', 0.0, 0.0, 0.0, 0.0, 0.0, 0.0, 1.0, 1.0, 1.0]
['lowerarm_mover_offset_l', 0.0, 0.0, 0.0, 0.0, 0.0, 0.0, 1.0, 1.0, 1.0]
['lowerarm_mover_offset_r', -0.0, -0.0, -0.0, 0.0, 0.0, 0.0, 1.0, 1.0, 1.0]
['lowerarm_twist_01_mover_offset_l', 0.0, 0.0, 0.0, 0.0, 0.0, 0.0, 1.0, 1.0, 1.0]
['lowerarm_twist_01_mover_offset_r', -0.0, -0.0, -0.0, 0.0, 0.0, 0.0, 1.0, 1.0, 1.0]
['lowerarm_twist_02_mover_offset_l', 0.0, 0.0, 0.0, 0.0, 0.0, 0.0, 1.0, 1.0, 1.0]
['lowerarm_twist_02_mover_offset_r', -0.0, -0.0, -0.0, 0.0, 0.0, 0.0, 1.0, 1.0, 1.0]
['middle_01_mover_offset_l', 0.0, 0.0, 0.0, 0.0, 0.0, 0.0, 1.0, 1.0, 1.0]
['middle_01_mover_offset_r', -0.0, -0.0, -0.0, 0.0, 0.0, 0.0, 1.0, 1.0, 1.0]
['middle_02_mover_offset_l', 0.0, 0.0, 0.0, 0.0, 0.0, 0.0, 1.0, 1.0, 1.0]
['middle_02_mover_offset_r', -0.0, -0.0, -0.0, 0.0, 0.0, 0.0, 1.0, 1.0, 1.0]
['middle_03_mover_offset_l', 0.0, 0.0, 0.0, 0.0, 0.0, 0.0, 1.0, 1.0, 1.0]
['middle_03_mover_offset_r', -0.0, -0.0, -0.0, 0.0, 0.0, 0.0, 1.0, 1.0, 1.0]
['middle_distal_phalange_mover_offset_l', 0.0, 0.0, 0.0, 0.0, 0.0, 0.0, 1.0, 1.0, 1.0]
['middle_distal_phalange_mover_offset_r', -0.0, -0.0, -0.0, 0.0, 0.0, 0.0, 1.0, 1.0, 1.0]
['middle_metacarpal_mover_offset_l', 0.0, 0.0, 0.0, 0.0, 0.0, 0.0, 1.0, 1.0, 1.0]
['middle_metacarpal_mover_offset_r', -0.0, -0.0, -0.0, 0.0, 0.0, 0.0, 1.0, 1.0, 1.0]
['middle_metatarsal_mover_offset_l', 0.0, 0.0, 0.0, 0.0, 0.0, 0.0, 1.0, 1.0, 1.0]
['middle_metatarsal_mover_offset_r', -0.0, -0.0, -0.0, 0.0, 0.0, 0.0, 1.0, 1.0, 1.0]
['middle_middle_phalange_mover_offset_l', 0.0, 0.0, 0.0, 0.0, 0.0, 0.0, 1.0, 1.0, 1.0]
['middle_middle_phalange_mover_offset_r', -0.0, -0.0, -0.0, 0.0, 0.0, 0.0, 1.0, 1.0, 1.0]
['middle_proximal_phalange_mover_offset_l', 0.0, 0.0, 0.0, 0.0, 0.0, 0.0, 1.0, 1.0, 1.0]
['middle_proximal_phalange_mover_offset_r', -0.0, -0.0, -0.0, 0.0, 0.0, 0.0, 1.0, 1.0, 1.0]
['neck_01_mover_offset', 0.0, 0.0, 0.0, 0.0, 0.0, 0.0, 1.0, 1.0, 1.0]
['neck_02_mover_offset', 0.0, 0.0, 0.0, 0.0, 0.0, 0.0, 1.0, 1.0, 1.0]
['outer_ring_A_l_mover_offset', 0.0, 0.0, 0.0, 0.0, 0.0, 0.0, 1.0, 1.0, 1.0]
['outer_ring_A_piston01_l_mover_offset', 0.0, 0.0, 0.0, 0.0, 0.0, 0.0, 1.0, 1.0, 1.0]
['outer_ring_A_piston01_r_mover_offset', 0.0, 0.0, 0.0, 0.0, 0.0, 0.0, 1.0, 1.0, 1.0]
['outer_ring_A_piston02_l_mover_offset', 0.0, 0.0, 0.0, 0.0, 0.0, 0.0, 1.0, 1.0, 1.0]
['outer_ring_A_piston02_r_mover_offset', 0.0, 0.0, 0.0, 0.0, 0.0, 0.0, 1.0, 1.0, 1.0]
['outer_ring_A_r_mover_offset', 0.0, 0.0, 0.0, 0.0, 0.0, 0.0, 1.0, 1.0, 1.0]
['outer_ring_B_l_mover_offset', 0.0, 0.0, 0.0, 0.0, 0.0, 0.0, 1.0, 1.0, 1.0]
['outer_ring_B_piston01_l_mover_offset', 0.0, 0.0, 0.0, 0.0, 0.0, 0.0, 1.0, 1.0, 1.0]
['outer_ring_B_piston01_r_mover_offset', 0.0, 0.0, 0.0, 0.0, 0.0, 0.0, 1.0, 1.0, 1.0]
['outer_ring_B_r_mover_offset', 0.0, 0.0, 0.0, 0.0, 0.0, 0.0, 1.0, 1.0, 1.0]
['outer_ring_C_l_mover_offset', 0.0, 0.0, 0.0, 0.0, 0.0, 0.0, 1.0, 1.0, 1.0]
['outer_ring_C_r_mover_offset', 0.0, 0.0, 0.0, 0.0, 0.0, 0.0, 1.0, 1.0, 1.0]
['outer_ring_base_ik_mover_offset', 0.0, 0.0, 0.0, 0.0, 0.0, 0.0, 1.0, 1.0, 1.0]
['outer_ring_base_mover_offset', 0.0, 0.0, 0.0, 0.0, 0.0, 0.0, 1.0, 1.0, 1.0]
['pelvis_mover_offset', 0.0, 0.0, 0.0, 0.0, 0.0, 0.0, 1.0, 1.0, 1.0]
['pinky_01_mover_offset_l', 0.0, 0.0, 0.0, 0.0, 0.0, 0.0, 1.0, 1.0, 1.0]
['pinky_01_mover_offset_r', -0.0, -0.0, -0.0, 0.0, 0.0, 0.0, 1.0, 1.0, 1.0]
['pinky_02_mover_offset_l', 0.0, 0.0, 0.0, 0.0, 0.0, 0.0, 1.0, 1.0, 1.0]
['pinky_02_mover_offset_r', -0.0, -0.0, -0.0, 0.0, 0.0, 0.0, 1.0, 1.0, 1.0]
['pinky_03_mover_offset_l', 0.0, 0.0, 0.0, 0.0, 0.0, 0.0, 1.0, 1.0, 1.0]
['pinky_03_mover_offset_r', -0.0, -0.0, -0.0, 0.0, 0.0, 0.0, 1.0, 1.0, 1.0]
['pinky_distal_phalange_mover_offset_l', 0.0, 0.0, 0.0, 0.0, 0.0, 0.0, 1.0, 1.0, 1.0]
['pinky_distal_phalange_mover_offset_r', -0.0, -0.0, -0.0, 0.0, 0.0, 0.0, 1.0, 1.0, 1.0]
['pinky_metacarpal_mover_offset_l', 0.0, 0.0, 0.0, 0.0, 0.0, 0.0, 1.0, 1.0, 1.0]
['pinky_metacarpal_mover_offset_r', -0.0, -0.0, -0.0, 0.0, 0.0, 0.0, 1.0, 1.0, 1.0]
['pinky_metatarsal_mover_offset_l', 0.0, 0.0, 0.0, 0.0, 0.0, 0.0, 1.0, 1.0, 1.0]
['pinky_metatarsal_mover_offset_r', -0.0, -0.0, -0.0, 0.0, 0.0, 0.0, 1.0, 1.0, 1.0]
['pinky_middle_phalange_mover_offset_l', 0.0, 0.0, 0.0, 0.0, 0.0, 0.0, 1.0, 1.0, 1.0]
['pinky_middle_phalange_mover_offset_r', -0.0, -0.0, -0.0, 0.0, 0.0, 0.0, 1.0, 1.0, 1.0]
['pinky_proximal_phalange_mover_offset_l', 0.0, 0.0, 0.0, 0.0, 0.0, 0.0, 1.0, 1.0, 1.0]
['pinky_proximal_phalange_mover_offset_r', -0.0, -0.0, -0.0, 0.0, 0.0, 0.0, 1.0, 1.0, 1.0]
['portal_mover_offset', 0.0, 0.0, 0.0, 0.0, 0.0, 0.0, 1.0, 1.0, 1.0]
['portal_ring_mover_offset', 0.0, 0.0, 0.0, 0.0, 0.0, 0.0, 1.0, 1.0, 1.0]
['ring_01_mover_offset_l', 0.0, 0.0, 0.0, 0.0, 0.0, 0.0, 1.0, 1.0, 1.0]
['ring_01_mover_offset_r', -0.0, -0.0, -0.0, 0.0, 0.0, 0.0, 1.0, 1.0, 1.0]
['ring_02_mover_offset_l', 0.0, 0.0, 0.0, 0.0, 0.0, 0.0, 1.0, 1.0, 1.0]
['ring_02_mover_offset_r', -0.0, -0.0, -0.0, 0.0, 0.0, 0.0, 1.0, 1.0, 1.0]
['ring_03_mover_offset_l', 0.0, 0.0, 0.0, 0.0, 0.0, 0.0, 1.0, 1.0, 1.0]
['ring_03_mover_offset_r', -0.0, -0.0, -0.0, 0.0, 0.0, 0.0, 1.0, 1.0, 1.0]
['ring_distal_phalange_mover_offset_l', 0.0, 0.0, 0.0, 0.0, 0.0, 0.0, 1.0, 1.0, 1.0]
['ring_distal_phalange_mover_offset_r', -0.0, -0.0, -0.0, 0.0, 0.0, 0.0, 1.0, 1.0, 1.0]
['ring_metacarpal_mover_offset_l', 0.0, 0.0, 0.0, 0.0, 0.0, 0.0, 1.0, 1.0, 1.0]
['ring_metacarpal_mover_offset_r', -0.0, -0.0, -0.0, 0.0, 0.0, 0.0, 1.0, 1.0, 1.0]
['ring_metatarsal_mover_offset_l', 0.0, 0.0, 0.0, 0.0, 0.0, 0.0, 1.0, 1.0, 1.0]
['ring_metatarsal_mover_offset_r', -0.0, -0.0, -0.0, 0.0, 0.0, 0.0, 1.0, 1.0, 1.0]
['ring_middle_phalange_mover_offset_l', 0.0, 0.0, 0.0, 0.0, 0.0, 0.0, 1.0, 1.0, 1.0]
['ring_middle_phalange_mover_offset_r', -0.0, -0.0, -0.0, 0.0, 0.0, 0.0, 1.0, 1.0, 1.0]
['ring_proximal_phalange_mover_offset_l', 0.0, 0.0, 0.0, 0.0, 0.0, 0.0, 1.0, 1.0, 1.0]
['ring_proximal_phalange_mover_offset_r', -0.0, -0.0, -0.0, 0.0, 0.0, 0.0, 1.0, 1.0, 1.0]
['spine_01_mover_offset', 0.0, 0.0, 0.0, 0.0, 0.0, 0.0, 1.0, 1.0, 1.0]
['spine_02_mover_offset', 0.0, 0.0, 0.0, 0.0, 0.0, 0.0, 1.0, 1.0, 1.0]
['spine_03_mover_offset', 0.0, 0.0, 0.0, 0.0, 0.0, 0.0, 1.0, 1.0, 1.0]
['thigh_mover_offset_l', 0.0, 0.0, 0.0, 0.0, 0.0, 0.0, 1.0, 1.0, 1.0]
['thigh_mover_offset_r', -0.0, -0.0, -0.0, 0.0, 0.0, 0.0, 1.0, 1.0, 1.0]
['thigh_twist_01_mover_offset_l', 0.0, 0.0, 0.0, 0.0, 0.0, 0.0, 1.0, 1.0, 1.0]
['thigh_twist_01_mover_offset_r', -0.0, -0.0, -0.0, 0.0, 0.0, 0.0, 1.0, 1.0, 1.0]
['thigh_twist_02_mover_offset_l', 0.0, 0.0, 0.0, 0.0, 0.0, 0.0, 1.0, 1.0, 1.0]
['thigh_twist_02_mover_offset_r', -0.0, -0.0, -0.0, 0.0, 0.0, 0.0, 1.0, 1.0, 1.0]
['thumb_01_mover_offset_l', 0.0, 0.0, 0.0, 0.0, 0.0, 0.0, 1.0, 1.0, 1.0]
['thumb_01_mover_offset_r', -0.0, -0.0, -0.0, 0.0, 0.0, 0.0, 1.0, 1.0, 1.0]
['thumb_02_mover_offset_l', 0.0, 0.0, 0.0, 0.0, 0.0, 0.0, 1.0, 1.0, 1.0]
['thumb_02_mover_offset_r', -0.0, -0.0, -0.0, 0.0, 0.0, 0.0, 1.0, 1.0, 1.0]
['thumb_03_mover_offset_l', 0.0, 0.0, 0.0, 0.0, 0.0, 0.0, 1.0, 1.0, 1.0]
['thumb_03_mover_offset_r', -0.0, -0.0, -0.0, 0.0, 0.0, 0.0, 1.0, 1.0, 1.0]
['upperarm_mover_offset_l', 0.0, 0.0, 0.0, 0.0, 0.0, 0.0, 1.0, 1.0, 1.0]
['upperarm_mover_offset_r', -0.0, -0.0, -0.0, 0.0, 0.0, 0.0, 1.0, 1.0, 1.0]
['upperarm_twist_01_mover_offset_l', 0.0, 0.0, 0.0, 0.0, 0.0, 0.0, 1.0, 1.0, 1.0]
['upperarm_twist_01_mover_offset_r', -0.0, -0.0, -0.0, 0.0, 0.0, 0.0, 1.0, 1.0, 1.0]
['upperarm_twist_02_mover_offset_l', 0.0, 0.0, 0.0, 0.0, 0.0, 0.0, 1.0, 1.0, 1.0]
['upperarm_twist_02_mover_offset_r', -0.0, -0.0, -0.0, 0.0, 0.0, 0.0, 1.0, 1.0, 1.0]
['ball_geo_mover_l', -4.548844062469579, 0.8242431113468783, -1.442462354480064, 0.0, 0.0, 0.0, 1.1109518934532674, 1.4593966519789923, 1.1060468441172682]
['ball_geo_mover_r', 4.548843860626221, -0.8242431282997131, 1.4424623250961304, 0.0, 0.0, 0.0, 1.1109518934532674, 1.4593966519789923, 1.1060468441172682]
['calf_geo_mover_l', 0.0, 0.0, 0.0, 0.0, 1.3724840675820558, 0.0, 0.9228408599897188, 0.8365880547836204, 0.8365880547836204]
['calf_geo_mover_r', -0.0, -0.0, -0.0, 0.0, 1.3724840675820558, 0.0, 0.9228408599897188, 0.8365880547836204, 0.8365880547836204]
['calf_twist_01_geo_mover_l', 0.0, 0.0, 0.0, 0.0, 0.0, 0.0, 0.3628910282519299, 0.3628910282519299, 0.3628910282519299]
['calf_twist_01_geo_mover_r', -0.0, -0.0, -0.0, 0.0, 0.0, 0.0, 0.3628910282519299, 0.3628910282519299, 0.3628910282519299]
['chest_cloth_01_geo_mover', 0.0, 0.0, 0.0, 0.0, 0.0, 0.0, 1.0, 1.0, 1.0]
['chest_cloth_02_geo_mover', 0.0, 0.0, 0.0, 0.0, 0.0, 0.0, 1.0, 1.0, 1.0]
['chest_cloth_03_geo_mover', 0.0, 0.0, 0.0, 0.0, 0.0, 0.0, 1.0, 1.0, 1.0]
['chest_cloth_04_geo_mover', 0.0, 0.0, 0.0, 0.0, 0.0, 0.0, 1.0, 1.0, 1.0]
['clavicle_geo_mover_l', 2.47619508046939, 0.14704823120071656, 12.018193428502984, 0.0, 11.086197933195448, 0.0, 1.160006542961977, 1.160006542961977, 1.160006542961977]
['clavicle_geo_mover_r', -2.4761950969696045, -0.1470482349395752, -12.018193244934082, 0.0, 11.086197933195448, 0.0, 1.160006542961977, 1.160006542961977, 1.160006542961977]
['cloth_chest_bk_l_geo_mover', 0.0, 0.0, 0.0, 0.0, 0.0, 0.0, 1.0, 1.0, 1.0]
['cloth_chest_bk_r_geo_mover', -0.0, -0.0, -0.0, 0.0, 0.0, 0.0, 1.0, 1.0, 1.0]
['cloth_chest_fr_l_geo_mover', 0.0, 0.0, 0.0, 0.0, 0.0, 0.0, 1.0, 1.0, 1.0]
['cloth_chest_fr_r_geo_mover', -0.0, -0.0, -0.0, 0.0, 0.0, 0.0, 1.0, 1.0, 1.0]
['cowl_bk_geo_mover', 0.0, 0.0, 0.0, 0.0, 0.0, 0.0, 1.0, 1.0, 1.0]
['cowl_l_geo_mover', 0.0, 0.0, 0.0, 0.0, 0.0, 0.0, 1.0, 1.0, 1.0]
['cowl_r_geo_mover', -0.0, -0.0, -0.0, 0.0, 0.0, 0.0, 1.0, 1.0, 1.0]
['eyeball_l_geo_mover', 0.0, 0.0, 0.0, 0.0, 0.0, 0.0, 1.0, 1.0, 1.0]
['eyeball_r_geo_mover', -0.0, -0.0, -0.0, 0.0, 0.0, 0.0, 1.0, 1.0, 1.0]
['eyebrow_inner_l_geo_mover', 0.0, 0.0, 0.0, 0.0, 0.0, 0.0, 1.0, 1.0, 1.0]
['eyebrow_inner_r_geo_mover', -0.0, -0.0, -0.0, 0.0, 0.0, 0.0, 1.0, 1.0, 1.0]
['eyebrow_mid_geo_mover', 0.0, 0.0, 0.0, 0.0, 0.0, 0.0, 1.0, 1.0, 1.0]
['eyebrow_outer_l_geo_mover', 0.0, 0.0, 0.0, 0.0, 0.0, 0.0, 1.0, 1.0, 1.0]
['eyebrow_outer_r_geo_mover', -0.0, -0.0, -0.0, 0.0, 0.0, 0.0, 1.0, 1.0, 1.0]
['eyelid_bott_l_geo_mover', 0.0, 0.0, 0.0, 0.0, 0.0, 0.0, 1.0, 1.0, 1.0]
['eyelid_bott_r_geo_mover', -0.0, -0.0, -0.0, 0.0, 0.0, 0.0, 1.0, 1.0, 1.0]
['eyelid_top_l_geo_mover', 0.0, 0.0, 0.0, 0.0, 0.0, 0.0, 1.0, 1.0, 1.0]
['eyelid_top_r_geo_mover', -0.0, -0.0, -0.0, 0.0, 0.0, 0.0, 1.0, 1.0, 1.0]
['foot_geo_mover_l', 3.231623964236887, 0.07726643051650033, -2.240437121458876, 4.400275364310242, 0.1494608368007686, -1.9415491931678184, 1.523743882280826, 1.0856604014767366, 1.0378547192710956]
['foot_geo_mover_r', -3.231623888015747, -0.07726643234491348, 2.2404370307922363, 4.400275364310242, 0.1494608368007686, -1.9415491931678184, 1.523743882280826, 1.0856604014767366, 1.0378547192710956]
['hand_geo_mover_l', 1.0017697972718491, 0.03766940266459976, -1.6186178433543508, -0.47646920652042163, -4.652958199059398, 5.853306414345497, 1.1583970899407958, 1.1583970899407958, 1.1583970899407958]
['hand_geo_mover_r', -1.001769781112671, -0.03766940161585808, 1.6186178922653198, -0.47646920652042163, -4.652958199059398, 5.853306414345497, 1.1583970899407958, 1.1583970899407958, 1.1583970899407958]
['head_geo_mover', -1.599563990753237, -4.9529993413708775, -6.546281905554091e-16, 0.0, 0.0, 0.0, 0.7504235792367594, 0.7504235792367594, 0.7123368121075929]
['hips_cloth_bk_l_01_geo_mover', 0.0, 0.0, 0.0, 0.0, 0.0, 0.0, 1.0, 1.0, 1.0]
['hips_cloth_bk_l_02_geo_mover', 0.0, 0.0, 0.0, 0.0, 0.0, 0.0, 1.0, 1.0, 1.0]
['hips_cloth_bk_r_01_geo_mover', -0.0, -0.0, -0.0, 0.0, 0.0, 0.0, 1.0, 1.0, 1.0]
['hips_cloth_bk_r_02_geo_mover', -0.0, -0.0, -0.0, 0.0, 0.0, 0.0, 1.0, 1.0, 1.0]
['hips_cloth_fr_l_01_geo_mover', 0.0, 0.0, 0.0, 0.0, 0.0, 0.0, 1.0, 1.0, 1.0]
['hips_cloth_fr_l_02_geo_mover', 0.0, 0.0, 0.0, 0.0, 0.0, 0.0, 1.0, 1.0, 1.0]
['hips_cloth_fr_r_01_geo_mover', -0.0, -0.0, -0.0, 0.0, 0.0, 0.0, 1.0, 1.0, 1.0]
['hips_cloth_fr_r_02_geo_mover', -0.0, -0.0, -0.0, 0.0, 0.0, 0.0, 1.0, 1.0, 1.0]
['hips_cloth_main_l_geo_mover', 0.0, 0.0, 0.0, 0.0, 0.0, 0.0, 1.0, 1.0, 1.0]
['hips_cloth_main_r_geo_mover', -0.0, -0.0, -0.0, 0.0, 0.0, 0.0, 1.0, 1.0, 1.0]
['hood_l_geo_mover', 0.0, 0.0, 0.0, 0.0, 0.0, 0.0, 1.0, 1.0, 1.0]
['hood_r_geo_mover', -0.0, -0.0, -0.0, 0.0, 0.0, 0.0, 1.0, 1.0, 1.0]
['index_01_geo_mover_l', 0.0, 0.0, 0.0, 0.0, 0.0, 0.0, 1.0, 1.0, 1.0]
['index_01_geo_mover_r', -0.0, -0.0, -0.0, 0.0, 0.0, 0.0, 1.0, 1.0, 1.0]
['index_02_geo_mover_l', 0.0, 0.0, 0.0, 0.0, 0.0, 0.0, 1.1176955372840025, 1.0, 1.0]
['index_02_geo_mover_r', -0.0, -0.0, -0.0, 0.0, 0.0, 0.0, 1.1176955372840025, 1.0, 1.0]
['index_03_geo_mover_l', 0.0, 0.0, 0.0, 0.0, 0.0, 0.0, 1.0, 1.0, 1.0]
['index_03_geo_mover_r', -0.0, -0.0, -0.0, 0.0, 0.0, 0.0, 1.0, 1.0, 1.0]
['jaw_geo_mover', 0.0, 0.0, 0.0, 0.0, 0.0, 0.0, 1.0, 1.0, 1.0]
['loin_cloth_bk_01_geo_mover', 0.0, 0.0, 0.0, 0.0, 0.0, 0.0, 1.0, 1.0, 1.0]
['loin_cloth_bk_02_geo_mover', 0.0, 0.0, 0.0, 0.0, 0.0, 0.0, 1.0, 1.0, 1.0]
['loin_cloth_bk_03_geo_mover', 0.0, 0.0, 0.0, 0.0, 0.0, 0.0, 1.0, 1.0, 1.0]
['loin_cloth_fr_01_geo_mover', 0.0, 0.0, 0.0, 0.0, 0.0, 0.0, 1.0, 1.0, 1.0]
['loin_cloth_fr_02_geo_mover', 0.0, 0.0, 0.0, 0.0, 0.0, 0.0, 1.0, 1.0, 1.0]
['loin_cloth_fr_03_geo_mover', 0.0, 0.0, 0.0, 0.0, 0.0, 0.0, 1.0, 1.0, 1.0]
['lowerarm_geo_mover_l', 1.5790050308948613, 0.11976045104731955, -0.011061195866130455, 0.3407715780162265, -1.0115291473474526, -2.188636179449669, 0.9493137791707573, 0.9493137791707573, 0.9493137791707573]
['lowerarm_geo_mover_r', -1.5790050029754639, -0.11976045370101929, 0.011061196215450764, 0.3407715780162265, -1.0115291473474526, -2.188636179449669, 0.9493137791707573, 0.9493137791707573, 0.9493137791707573]
['lowerarm_twist_01_geo_mover_l', 0.0, 0.0, 0.0, 0.0, 0.0, 0.0, 0.20432056191228748, 0.20432056191228748, 0.20432056191228748]
['lowerarm_twist_01_geo_mover_r', -0.0, -0.0, -0.0, 0.0, 0.0, 0.0, 0.20432056191228748, 0.20432056191228748, 0.20432056191228748]
['lowerarm_twist_02_geo_mover_l', 0.0, 0.0, 0.0, 0.0, 0.0, 0.0, 1.0, 1.0, 1.0]
['lowerarm_twist_02_geo_mover_r', -0.0, -0.0, -0.0, 0.0, 0.0, 0.0, 1.0, 1.0, 1.0]
['middle_01_geo_mover_l', 0.0, 0.0, 0.0, 0.0, 0.0, 0.0, 1.0, 1.0, 1.0]
['middle_01_geo_mover_r', -0.0, -0.0, -0.0, 0.0, 0.0, 0.0, 1.0, 1.0, 1.0]
['middle_02_geo_mover_l', 0.0, 0.0, 0.0, 0.0, 0.0, 0.0, 1.1510823087496322, 1.0, 1.0]
['middle_02_geo_mover_r', -0.0, -0.0, -0.0, 0.0, 0.0, 0.0, 1.1510823087496322, 1.0, 1.0]
['middle_03_geo_mover_l', 0.0, 0.0, 0.0, 0.0, 0.0, 0.0, 1.0, 1.0, 1.0]
['middle_03_geo_mover_r', -0.0, -0.0, -0.0, 0.0, 0.0, 0.0, 1.0, 1.0, 1.0]
['neck_01_geo_mover', 7.610486472703825, 0.16201465646564808, 9.974801312981595e-16, 0.0, 0.0, 0.0, 0.5099602115696047, 0.8201401651409064, 0.8201401651409064]
['neck_02_geo_mover', 6.506663645959319, 0.5761742245758452, 2.0408196439623765e-15, 0.0, 0.0, 0.0, 0.7999844803188223, 0.7904178131194216, 0.7904178131194216]
['outer_ring_A_l_geo_mover', 0.0, 0.0, 0.0, 0.0, 0.0, 0.0, 1.0, 1.0, 1.0]
['outer_ring_A_piston01_l_geo_mover', 0.0, 0.0, 0.0, 0.0, 0.0, 0.0, 1.0, 1.0, 1.0]
['outer_ring_A_piston01_r_geo_mover', -0.0, -0.0, -0.0, 0.0, 0.0, 0.0, 1.0, 1.0, 1.0]
['outer_ring_A_piston02_l_geo_mover', 0.0, 0.0, 0.0, 0.0, 0.0, 0.0, 1.0, 1.0, 1.0]
['outer_ring_A_piston02_r_geo_mover', -0.0, -0.0, -0.0, 0.0, 0.0, 0.0, 1.0, 1.0, 1.0]
['outer_ring_A_r_geo_mover', -0.0, -0.0, -0.0, 0.0, 0.0, 0.0, 1.0, 1.0, 1.0]
['outer_ring_B_l_geo_mover', 0.0, 0.0, 0.0, 0.0, 0.0, 0.0, 1.0, 1.0, 1.0]
['outer_ring_B_piston01_l_geo_mover', 0.0, 0.0, 0.0, 0.0, 0.0, 0.0, 1.0, 1.0, 1.0]
['outer_ring_B_piston01_r_geo_mover', -0.0, -0.0, -0.0, 0.0, 0.0, 0.0, 1.0, 1.0, 1.0]
['outer_ring_B_r_geo_mover', -0.0, -0.0, -0.0, 0.0, 0.0, 0.0, 1.0, 1.0, 1.0]
['outer_ring_C_l_geo_mover', 0.0, 0.0, 0.0, 0.0, 0.0, 0.0, 1.0, 1.0, 1.0]
['outer_ring_C_r_geo_mover', -0.0, -0.0, -0.0, 0.0, 0.0, 0.0, 1.0, 1.0, 1.0]
['outer_ring_base_geo_mover', 0.0, 0.0, 0.0, 0.0, 0.0, 0.0, 1.0, 1.0, 1.0]
['outer_ring_base_ik_geo_mover', 0.0, 0.0, 0.0, 0.0, 0.0, 0.0, 1.0, 1.0, 1.0]
['pelvis_geo_mover', -3.2947334781581703, 2.9948890365830354, -3.677945472708562e-15, 0.0, 0.0, 7.769624220384292, 1.0173633801362159, 1.0736757363552043, 0.862565827948804]
['pinky_01_geo_mover_l', 0.0, 0.0, 0.0, 0.0, 0.0, 0.0, 1.0, 1.0, 1.0]
['pinky_01_geo_mover_r', -0.0, -0.0, -0.0, 0.0, 0.0, 0.0, 1.0, 1.0, 1.0]
['pinky_02_geo_mover_l', 0.0, 0.0, 0.0, 0.0, 0.0, 0.0, 1.2223761530788935, 1.0, 1.0]
['pinky_02_geo_mover_r', -0.0, -0.0, -0.0, 0.0, 0.0, 0.0, 1.2223761530788935, 1.0, 1.0]
['pinky_03_geo_mover_l', 0.0, 0.0, 0.0, 0.0, 0.0, 0.0, 1.0, 1.0, 1.0]
['pinky_03_geo_mover_r', -0.0, -0.0, -0.0, 0.0, 0.0, 0.0, 1.0, 1.0, 1.0]
['portal_geo_mover', 0.0, 0.0, 0.0, 0.0, 0.0, 0.0, 1.0, 1.0, 1.0]
['portal_ring_geo_mover', 0.0, 0.0, 0.0, 0.0, 0.0, 0.0, 1.0, 1.0, 1.0]
['ring_01_geo_mover_l', 0.0, 0.0, 0.0, 0.0, 0.0, 0.0, 1.1602511404419165, 1.0, 1.0]
['ring_01_geo_mover_r', -0.0, -0.0, -0.0, 0.0, 0.0, 0.0, 1.1602511404419165, 1.0, 1.0]
['ring_02_geo_mover_l', 0.0, 0.0, 0.0, 0.0, 0.0, 0.0, 1.2392468482269379, 1.0, 1.0]
['ring_02_geo_mover_r', -0.0, -0.0, -0.0, 0.0, 0.0, 0.0, 1.2392468482269379, 1.0, 1.0]
['ring_03_geo_mover_l', 0.0, 0.0, 0.0, 0.0, 0.0, 0.0, 1.0, 1.0, 1.0]
['ring_03_geo_mover_r', -0.0, -0.0, -0.0, 0.0, 0.0, 0.0, 1.0, 1.0, 1.0]
['spine_01_geo_mover', -0.4347555546136491, 3.3648436838999976, 2.742856977027233e-16, 0.0, 0.0, 0.0, 1.0034979063588703, 1.1155939226274618, 1.041285518969424]
['spine_02_geo_mover', 0.10379207450578257, 4.243714013130876, -8.5724902381364e-19, 0.0, 0.0, 0.0, 1.0, 1.238504435269989, 1.2256357443250245]
['spine_03_geo_mover', 3.8549200250875204, -2.949008217539264, 1.7676737287234476e-15, 0.0, 0.0, -9.67615625321371, 0.8005034713412548, 1.3697335910259179, 1.2263452329391475]
['thigh_geo_mover_l', 0.0, 0.0, 0.0, 0.0, 0.0, 0.0, 1.0, 1.0, 1.0]
['thigh_geo_mover_r', -0.0, -0.0, -0.0, 0.0, 0.0, 0.0, 1.0, 1.0, 1.0]
['thigh_twist_01_geo_mover_l', 0.0, 0.0, 0.0, 0.0, 0.0, 0.0, 1.0, 1.0, 1.0]
['thigh_twist_01_geo_mover_r', -0.0, -0.0, -0.0, 0.0, 0.0, 0.0, 1.0, 1.0, 1.0]
['thigh_twist_02_geo_mover_l', 0.0, 0.0, 0.0, 0.0, 0.0, 0.0, 1.0, 1.0, 1.0]
['thigh_twist_02_geo_mover_r', -0.0, -0.0, -0.0, 0.0, 0.0, 0.0, 1.0, 1.0, 1.0]
['thumb_01_geo_mover_l', 4.0625736691541965, -0.33690064607294967, 0.4308111505739257, 0.0, 0.0, 0.0, 1.5009250635604774, 1.0, 1.0]
['thumb_01_geo_mover_r', -4.062573432922363, 0.33690065145492554, -0.4308111369609833, 0.0, 0.0, 0.0, 1.5009250635604774, 1.0, 1.0]
['thumb_02_geo_mover_l', 0.0, 0.35200185290439623, 0.5170503218553965, 0.0, 2.75883074351454, 0.0, 1.10484457819308, 1.0, 1.0]
['thumb_02_geo_mover_r', -0.0, -0.3520018458366394, -0.5170503258705139, 0.0, 2.75883074351454, 0.0, 1.10484457819308, 1.0, 1.0]
['thumb_03_geo_mover_l', -0.3137271722131334, -0.2666954138903647, 2.844946500601961e-14, 0.0, 0.0, -6.2866605379205245, 1.212786538125123, 1.0, 1.0]
['thumb_03_geo_mover_r', 0.31372717022895813, 0.26669541001319885, -2.8449465006019636e-14, 0.0, 0.0, -6.2866605379205245, 1.212786538125123, 1.0, 1.0]
['upperarm_geo_mover_l', -0.42364723085168177, 3.86848904328224, -4.009689339481852, -0.1464336625949649, 4.408992746758669, -0.5548365195189369, 0.8531272640108706, 0.9564053509915893, 0.9564053509915893]
['upperarm_geo_mover_r', 0.4236472249031067, -3.8684890270233154, 4.0096893310546875, -0.1464336625949649, 4.408992746758669, -0.5548365195189369, 0.8531272640108706, 0.9564053509915893, 0.9564053509915893]
['upperarm_twist_01_geo_mover_l', 0.0, 0.0, 0.0, 0.0, 0.0, 0.0, 0.2590991845435876, 0.2590991845435876, 0.2590991845435876]
['upperarm_twist_01_geo_mover_r', -0.0, -0.0, -0.0, 0.0, 0.0, 0.0, 0.2590991845435876, 0.2590991845435876, 0.2590991845435876]
['upperarm_twist_02_geo_mover_l', 0.0, 0.0, 0.0, 0.0, 0.0, 0.0, 1.0, 1.0, 1.0]
['upperarm_twist_02_geo_mover_r', -0.0, -0.0, -0.0, 0.0, 0.0, 0.0, 1.0, 1.0, 1.0]
['ball_l_lra', 0.0, 0.0, 0.0, 0.0, 0.0, 0.0, 1.0, 1.0, 1.0]
['ball_r_lra', 0.0, 0.0, 0.0, 0.0, 0.0, 0.0, 1.0, 1.0, 1.0]
['bigtoe_distal_phalange_l_lra', 0.0, 0.0, 0.0, 0.0, 0.0, 0.0, 1.0, 1.0, 1.0]
['bigtoe_distal_phalange_r_lra', 0.0, 0.0, 0.0, 0.0, 0.0, 0.0, 1.0, 1.0, 1.0]
['bigtoe_metatarsal_l_lra', 0.0, 0.0, 0.0, 0.0, 0.0, 0.0, 1.0, 1.0, 1.0]
['bigtoe_metatarsal_r_lra', 0.0, 0.0, 0.0, 0.0, 0.0, 0.0, 1.0, 1.0, 1.0]
['bigtoe_proximal_phalange_l_lra', 0.0, 0.0, 0.0, 0.0, 0.0, 0.0, 1.0, 1.0, 1.0]
['bigtoe_proximal_phalange_r_lra', 0.0, 0.0, 0.0, 0.0, 0.0, 0.0, 1.0, 1.0, 1.0]
['calf_l_lra', 0.0, 0.0, 0.0, 0.0, 0.0, 0.0, 1.0, 1.0, 1.0]
['calf_r_lra', 0.0, 0.0, 0.0, 0.0, 0.0, 0.0, 1.0, 1.0, 1.0]
['calf_twist_01_l_lra', 0.0, 0.0, 0.0, 0.0, 0.0, 0.0, 1.0, 1.0, 1.0]
['calf_twist_01_r_lra', 0.0, 0.0, 0.0, 0.0, 0.0, 0.0, 1.0, 1.0, 1.0]
['chest_cloth_01_lra', 0.0, 0.0, 0.0, 0.0, 0.0, 0.0, 1.0, 1.0, 1.0]
['chest_cloth_02_lra', 0.0, 0.0, 0.0, 0.0, 0.0, 0.0, 1.0, 1.0, 1.0]
['chest_cloth_03_lra', 0.0, 0.0, 0.0, 0.0, 0.0, 0.0, 1.0, 1.0, 1.0]
['chest_cloth_04_lra', 0.0, 0.0, 0.0, 0.0, 0.0, 0.0, 1.0, 1.0, 1.0]
['clavicle_l_lra', 0.0, -1.887379141862766e-15, 0.0, -1.987846675914698e-16, -0.0, 0.0, 1.0, 1.0, 1.0]
['clavicle_r_lra', 0.0, 0.0, 0.0, 0.0, 0.0, 0.0, 1.0, 1.0, 1.0]
['cloth_chest_bk_l_lra', 0.0, 0.0, 0.0, 0.0, 0.0, 0.0, 1.0, 1.0, 1.0]
['cloth_chest_bk_r_lra', 0.0, 0.0, 0.0, 0.0, 0.0, 0.0, 1.0, 1.0, 1.0]
['cloth_chest_fr_l_lra', 0.0, 0.0, 0.0, 0.0, 0.0, 0.0, 1.0, 1.0, 1.0]
['cloth_chest_fr_r_lra', 0.0, 0.0, 0.0, 0.0, 0.0, 0.0, 1.0, 1.0, 1.0]
['cowl_bk_lra', 0.0, 0.0, 0.0, 0.0, 0.0, 0.0, 1.0, 1.0, 1.0]
['cowl_l_lra', 0.0, 0.0, 0.0, 0.0, 0.0, 0.0, 1.0, 1.0, 1.0]
['cowl_r_lra', 0.0, 0.0, 0.0, 0.0, 0.0, 0.0, 1.0, 1.0, 1.0]
['eyeball_l_lra', 0.0, 0.0, 0.0, 0.0, 0.0, 0.0, 1.0, 1.0, 1.0]
['eyeball_r_lra', 0.0, 0.0, 0.0, 0.0, 0.0, 0.0, 1.0, 1.0, 1.0]
['eyebrow_inner_l_lra', 0.0, 0.0, 0.0, 0.0, 0.0, 0.0, 1.0, 1.0, 1.0]
['eyebrow_inner_r_lra', 0.0, 0.0, 0.0, 0.0, 0.0, 0.0, 1.0, 1.0, 1.0]
['eyebrow_mid_lra', 0.0, 0.0, 0.0, 0.0, 0.0, 0.0, 1.0, 1.0, 1.0]
['eyebrow_outer_l_lra', 0.0, 0.0, 0.0, 0.0, 0.0, 0.0, 1.0, 1.0, 1.0]
['eyebrow_outer_r_lra', 0.0, 0.0, 0.0, 0.0, 0.0, 0.0, 1.0, 1.0, 1.0]
['eyelid_bott_l_lra', 0.0, 0.0, 0.0, 0.0, 0.0, 0.0, 1.0, 1.0, 1.0]
['eyelid_bott_r_lra', 0.0, 0.0, 0.0, 0.0, 0.0, 0.0, 1.0, 1.0, 1.0]
['eyelid_top_l_lra', 0.0, 0.0, 0.0, 0.0, 0.0, 0.0, 1.0, 1.0, 1.0]
['eyelid_top_r_lra', 0.0, 0.0, 0.0, 0.0, 0.0, 0.0, 1.0, 1.0, 1.0]
['foot_l_lra', 0.0, 0.0, 0.0, 0.0, 0.0, 0.0, 1.0, 1.0, 1.0]
['foot_r_lra', 0.0, 0.0, 0.0, 0.0, 0.0, 0.0, 1.0, 1.0, 1.0]
['hand_l_lra', 0.0, 0.0, 0.0, 0.0, 0.0, 0.0, 1.0, 1.0, 1.0]
['hand_r_lra', 0.0, 0.0, 0.0, 0.0, 0.0, 0.0, 1.0, 1.0, 1.0]
['head_lra', -5.684341886080802e-14, 8.881784197001252e-16, 0.0, -3.531125038440126e-31, -1.2722218725854073e-14, 0.0, 1.0000000000000002, 1.0000000000000002, 1.0]
['hips_cloth_bk_l_01_lra', 0.0, 0.0, 0.0, 0.0, 0.0, 0.0, 1.0, 1.0, 1.0]
['hips_cloth_bk_l_02_lra', 0.0, 0.0, 0.0, 0.0, 0.0, 0.0, 1.0, 1.0, 1.0]
['hips_cloth_bk_r_01_lra', 0.0, 0.0, 0.0, 0.0, 0.0, 0.0, 1.0, 1.0, 1.0]
['hips_cloth_bk_r_02_lra', 0.0, 0.0, 0.0, 0.0, 0.0, 0.0, 1.0, 1.0, 1.0]
['hips_cloth_fr_l_01_lra', 0.0, 0.0, 0.0, 0.0, 0.0, 0.0, 1.0, 1.0, 1.0]
['hips_cloth_fr_l_02_lra', 0.0, 0.0, 0.0, 0.0, 0.0, 0.0, 1.0, 1.0, 1.0]
['hips_cloth_fr_r_01_lra', 0.0, 0.0, 0.0, 0.0, 0.0, 0.0, 1.0, 1.0, 1.0]
['hips_cloth_fr_r_02_lra', 0.0, 0.0, 0.0, 0.0, 0.0, 0.0, 1.0, 1.0, 1.0]
['hips_cloth_main_l_lra', 0.0, 0.0, 0.0, 0.0, 0.0, 0.0, 1.0, 1.0, 1.0]
['hips_cloth_main_r_lra', 0.0, 0.0, 0.0, 0.0, 0.0, 0.0, 1.0, 1.0, 1.0]
['hood_l_lra', 0.0, 0.0, 0.0, 0.0, 0.0, 0.0, 1.0, 1.0, 1.0]
['hood_r_lra', 0.0, 0.0, 0.0, 0.0, 0.0, 0.0, 1.0, 1.0, 1.0]
['index_01_l_lra', 8.526512829121202e-14, 2.842170943040401e-14, -3.552713678800501e-15, 1.90833280887811e-14, -4.770832022195275e-15, -3.1805546814635168e-15, 1.0, 1.0, 1.0000000000000002]
['index_01_r_lra', 0.0, 0.0, 0.0, 0.0, 0.0, 0.0, 1.0, 1.0, 1.0]
['index_02_l_lra', 5.684341886080802e-14, 2.842170943040401e-14, 0.0, 1.3517357396219947e-14, -6.361109362927032e-15, 9.541664044390547e-15, 1.0000000000000002, 1.0, 1.0000000000000002]
['index_02_r_lra', 0.0, 0.0, 0.0, 0.0, 0.0, 0.0, 1.0, 1.0, 1.0]
['index_03_l_lra', 2.842170943040401e-14, 0.0, 3.552713678800501e-15, 1.1927080055488182e-15, 7.951386703658789e-15, -3.180554681463515e-15, 1.0000000000000004, 1.0000000000000004, 1.0000000000000004]
['index_03_r_lra', 0.0, 0.0, 0.0, 0.0, 0.0, 0.0, 1.0, 1.0, 1.0]
['index_distal_phalange_l_lra', 0.0, 0.0, 0.0, 0.0, 0.0, 0.0, 1.0, 1.0, 1.0]
['index_distal_phalange_r_lra', 0.0, 0.0, 0.0, 0.0, 0.0, 0.0, 1.0, 1.0, 1.0]
['index_metacarpal_l_lra', 0.0, 0.0, 0.0, 0.0, 0.0, 0.0, 1.0, 1.0, 1.0]
['index_metacarpal_r_lra', 2.842170943040401e-14, -2.842170943040401e-14, 3.1086244689504383e-15, -2.902256146835458e-14, 7.15624803329291e-15, 3.180554681463515e-15, 1.0000000000000004, 1.0000000000000004, 1.0000000000000004]
['index_metatarsal_l_lra', 0.0, 0.0, 0.0, 0.0, 0.0, 0.0, 1.0, 1.0, 1.0]
['index_metatarsal_r_lra', 0.0, 0.0, 0.0, 0.0, 0.0, 0.0, 1.0, 1.0, 1.0]
['index_middle_phalange_l_lra', 0.0, 0.0, 0.0, 0.0, 0.0, 0.0, 1.0, 1.0, 1.0]
['index_middle_phalange_r_lra', 0.0, 0.0, 0.0, 0.0, 0.0, 0.0, 1.0, 1.0, 1.0]
['index_proximal_phalange_l_lra', 0.0, 0.0, 0.0, 0.0, 0.0, 0.0, 1.0, 1.0, 1.0]
['index_proximal_phalange_r_lra', 0.0, 0.0, 0.0, 0.0, 0.0, 0.0, 1.0, 1.0, 1.0]
['jaw_lra', 0.0, 0.0, 0.0, 0.0, 0.0, 0.0, 1.0, 1.0, 1.0]
['loin_cloth_bk_01_lra', 0.0, 0.0, 0.0, 0.0, 0.0, 0.0, 1.0, 1.0, 1.0]
['loin_cloth_bk_02_lra', 0.0, 0.0, 0.0, 0.0, 0.0, 0.0, 1.0, 1.0, 1.0]
['loin_cloth_bk_03_lra', 0.0, 0.0, 0.0, 0.0, 0.0, 0.0, 1.0, 1.0, 1.0]
['loin_cloth_fr_01_lra', 0.0, 0.0, 0.0, 0.0, 0.0, 0.0, 1.0, 1.0, 1.0]
['loin_cloth_fr_02_lra', 0.0, 0.0, 0.0, 0.0, 0.0, 0.0, 1.0, 1.0, 1.0]
['loin_cloth_fr_03_lra', 0.0, 0.0, 0.0, 0.0, 0.0, 0.0, 1.0, 1.0, 1.0]
['lowerarm_l_lra', 2.842170943040401e-14, 7.105427357601002e-15, -2.842170943040401e-14, -1.1927080055488188e-15, -3.1805546814635168e-15, 1.5902773407317584e-15, 1.0, 1.0, 0.9999999999999999]
['lowerarm_r_lra', 0.0, 0.0, 0.0, 0.0, 0.0, 0.0, 1.0, 1.0, 1.0]
['lowerarm_twist_01_l_lra', 0.0, 0.0, 0.0, 0.0, 0.0, 0.0, 1.0, 1.0, 1.0]
['lowerarm_twist_01_r_lra', 0.0, 0.0, 0.0, 0.0, 0.0, 0.0, 1.0, 1.0, 1.0]
['lowerarm_twist_02_l_lra', 0.0, 0.0, 0.0, 0.0, 0.0, 0.0, 1.0, 1.0, 1.0]
['lowerarm_twist_02_r_lra', 0.0, 0.0, 0.0, 0.0, 0.0, 0.0, 1.0, 1.0, 1.0]
['middle_01_l_lra', 0.0, 0.0, 0.0, 0.0, 0.0, 0.0, 1.0, 1.0, 1.0]
['middle_01_r_lra', 0.0, 0.0, 0.0, 0.0, 0.0, 0.0, 1.0, 1.0, 1.0]
['middle_02_l_lra', 0.0, 0.0, 0.0, 0.0, 0.0, 0.0, 1.0, 1.0, 1.0]
['middle_02_r_lra', 0.0, 0.0, 0.0, 0.0, 0.0, 0.0, 1.0, 1.0, 1.0]
['middle_03_l_lra', 1.4210854715202004e-13, 2.842170943040401e-14, 0.0, -7.355032700884382e-15, -9.939233379573493e-15, 0.0, 0.9999999999999998, 1.0, 1.0]
['middle_03_r_lra', 0.0, 0.0, 0.0, 0.0, 0.0, 0.0, 1.0, 1.0, 1.0]
['middle_distal_phalange_l_lra', 0.0, 0.0, 0.0, 0.0, 0.0, 0.0, 1.0, 1.0, 1.0]
['middle_distal_phalange_r_lra', 0.0, 0.0, 0.0, 0.0, 0.0, 0.0, 1.0, 1.0, 1.0]
['middle_metacarpal_l_lra', 0.0, 0.0, 0.0, 0.0, 0.0, 0.0, 1.0, 1.0, 1.0]
['middle_metacarpal_r_lra', 0.0, 0.0, 0.0, 0.0, 0.0, 0.0, 1.0, 1.0, 1.0]
['middle_metatarsal_l_lra', 0.0, 0.0, 0.0, 0.0, 0.0, 0.0, 1.0, 1.0, 1.0]
['middle_metatarsal_r_lra', 0.0, 0.0, 0.0, 0.0, 0.0, 0.0, 1.0, 1.0, 1.0]
['middle_middle_phalange_l_lra', 0.0, 0.0, 0.0, 0.0, 0.0, 0.0, 1.0, 1.0, 1.0]
['middle_middle_phalange_r_lra', 0.0, 0.0, 0.0, 0.0, 0.0, 0.0, 1.0, 1.0, 1.0]
['middle_proximal_phalange_l_lra', 0.0, 0.0, 0.0, 0.0, 0.0, 0.0, 1.0, 1.0, 1.0]
['middle_proximal_phalange_r_lra', 0.0, 0.0, 0.0, 0.0, 0.0, 0.0, 1.0, 1.0, 1.0]
['neck_01_lra', 0.0, 0.0, 0.0, 0.0, 0.0, 0.0, 1.0, 1.0, 1.0]
['neck_02_lra', 0.0, 0.0, 0.0, 0.0, 0.0, 0.0, 1.0, 1.0, 1.0]
['outer_ring_A_l_lra', 0.0, 0.0, 0.0, 0.0, 0.0, 0.0, 1.0, 1.0, 1.0]
['outer_ring_A_piston01_l_lra', 0.0, 0.0, 0.0, 0.0, 0.0, 0.0, 1.0, 1.0, 1.0]
['outer_ring_A_piston01_r_lra', 0.0, 0.0, 0.0, 0.0, 0.0, 0.0, 1.0, 1.0, 1.0]
['outer_ring_A_piston02_l_lra', 0.0, 0.0, 0.0, 0.0, 0.0, 0.0, 1.0, 1.0, 1.0]
['outer_ring_A_piston02_r_lra', 0.0, 0.0, 0.0, 0.0, 0.0, 0.0, 1.0, 1.0, 1.0]
['outer_ring_A_r_lra', 0.0, 0.0, 0.0, 0.0, 0.0, 0.0, 1.0, 1.0, 1.0]
['outer_ring_B_l_lra', 0.0, 0.0, 0.0, 0.0, 0.0, 0.0, 1.0, 1.0, 1.0]
['outer_ring_B_piston01_l_lra', 0.0, 0.0, 0.0, 0.0, 0.0, 0.0, 1.0, 1.0, 1.0]
['outer_ring_B_piston01_r_lra', 0.0, 0.0, 0.0, 0.0, 0.0, 0.0, 1.0, 1.0, 1.0]
['outer_ring_B_r_lra', 0.0, 0.0, 0.0, 0.0, 0.0, 0.0, 1.0, 1.0, 1.0]
['outer_ring_C_l_lra', 0.0, 0.0, 0.0, 0.0, 0.0, 0.0, 1.0, 1.0, 1.0]
['outer_ring_C_r_lra', 0.0, 0.0, 0.0, 0.0, 0.0, 0.0, 1.0, 1.0, 1.0]
['outer_ring_base_ik_lra', 0.0, 0.0, 0.0, 0.0, 0.0, 0.0, 1.0, 1.0, 1.0]
['outer_ring_base_lra', 0.0, 0.0, 0.0, 0.0, 0.0, 0.0, 1.0, 1.0, 1.0]
['pelvis_lra', 0.0, 0.0, 0.0, 0.0, 0.0, 0.0, 1.0, 1.0, 1.0]
['pinky_01_l_lra', 0.0, 0.0, 0.0, -1.1927080055488186e-14, 3.1805546814635168e-15, -6.3611093629270335e-15, 1.0, 1.0000000000000002, 1.0000000000000002]
['pinky_01_r_lra', 0.0, 0.0, 0.0, 0.0, 0.0, 0.0, 1.0, 1.0, 1.0]
['pinky_02_l_lra', 0.0, 0.0, 0.0, 0.0, 0.0, 0.0, 1.0, 1.0, 1.0]
['pinky_02_r_lra', 0.0, 0.0, 0.0, 0.0, 0.0, 0.0, 1.0, 1.0, 1.0]
['pinky_03_l_lra', 0.0, 0.0, 0.0, 0.0, 0.0, 0.0, 1.0, 1.0, 1.0]
['pinky_03_r_lra', 0.0, 0.0, 0.0, 0.0, 0.0, 0.0, 1.0, 1.0, 1.0]
['pinky_distal_phalange_l_lra', 0.0, 0.0, 0.0, 0.0, 0.0, 0.0, 1.0, 1.0, 1.0]
['pinky_distal_phalange_r_lra', 0.0, 0.0, 0.0, 0.0, 0.0, 0.0, 1.0, 1.0, 1.0]
['pinky_metacarpal_l_lra', 0.0, 0.0, 0.0, 0.0, 0.0, 0.0, 1.0, 1.0, 1.0]
['pinky_metacarpal_r_lra', 0.0, 0.0, 0.0, 0.0, 0.0, 0.0, 1.0, 1.0, 1.0]
['pinky_metatarsal_l_lra', 0.0, 0.0, 0.0, 0.0, 0.0, 0.0, 1.0, 1.0, 1.0]
['pinky_metatarsal_r_lra', 0.0, 0.0, 0.0, 0.0, 0.0, 0.0, 1.0, 1.0, 1.0]
['pinky_middle_phalange_l_lra', 0.0, 0.0, 0.0, 0.0, 0.0, 0.0, 1.0, 1.0, 1.0]
['pinky_middle_phalange_r_lra', 0.0, 0.0, 0.0, 0.0, 0.0, 0.0, 1.0, 1.0, 1.0]
['pinky_proximal_phalange_l_lra', 0.0, 0.0, 0.0, 0.0, 0.0, 0.0, 1.0, 1.0, 1.0]
['pinky_proximal_phalange_r_lra', 0.0, 0.0, 0.0, 0.0, 0.0, 0.0, 1.0, 1.0, 1.0]
['portal_lra', 0.0, 0.0, 0.0, 0.0, 0.0, 0.0, 1.0, 1.0, 1.0]
['portal_ring_lra', 0.0, 0.0, 0.0, 0.0, 0.0, 0.0, 1.0, 1.0, 1.0]
['ring_01_l_lra', 5.684341886080802e-14, 0.0, -3.552713678800501e-15, -5.9635400277440935e-15, 9.14409470920761e-15, -9.54166404439055e-15, 1.0, 1.0, 1.0]
['ring_01_r_lra', 0.0, 0.0, 0.0, 0.0, 0.0, 0.0, 1.0, 1.0, 1.0]
['ring_02_l_lra', 0.0, 0.0, 0.0, 0.0, 0.0, 0.0, 1.0, 1.0, 1.0]
['ring_02_r_lra', 0.0, 0.0, 0.0, 0.0, 0.0, 0.0, 1.0, 1.0, 1.0]
['ring_03_l_lra', 0.0, 0.0, 0.0, 0.0, 0.0, 0.0, 1.0, 1.0, 1.0]
['ring_03_r_lra', 0.0, 0.0, 0.0, 0.0, 0.0, 0.0, 1.0, 1.0, 1.0]
['ring_distal_phalange_l_lra', 0.0, 0.0, 0.0, 0.0, 0.0, 0.0, 1.0, 1.0, 1.0]
['ring_distal_phalange_r_lra', 0.0, 0.0, 0.0, 0.0, 0.0, 0.0, 1.0, 1.0, 1.0]
['ring_metacarpal_l_lra', 0.0, 0.0, 0.0, 0.0, 0.0, 0.0, 1.0, 1.0, 1.0]
['ring_metacarpal_r_lra', 0.0, 0.0, 0.0, 0.0, 0.0, 0.0, 1.0, 1.0, 1.0]
['ring_metatarsal_l_lra', 0.0, 0.0, 0.0, 0.0, 0.0, 0.0, 1.0, 1.0, 1.0]
['ring_metatarsal_r_lra', 0.0, 0.0, 0.0, 0.0, 0.0, 0.0, 1.0, 1.0, 1.0]
['ring_middle_phalange_l_lra', 0.0, 0.0, 0.0, 0.0, 0.0, 0.0, 1.0, 1.0, 1.0]
['ring_middle_phalange_r_lra', 0.0, 0.0, 0.0, 0.0, 0.0, 0.0, 1.0, 1.0, 1.0]
['ring_proximal_phalange_l_lra', 0.0, 0.0, 0.0, 0.0, 0.0, 0.0, 1.0, 1.0, 1.0]
['ring_proximal_phalange_r_lra', 0.0, 0.0, 0.0, 0.0, 0.0, 0.0, 1.0, 1.0, 1.0]
['root_lra', 0.0, 0.0, 0.0, 0.0, 0.0, 0.0, 1.0, 1.0, 1.0]
['spine_01_lra', 0.0, 0.0, 0.0, 0.0, 0.0, 0.0, 1.0, 1.0, 1.0]
['spine_02_lra', 0.0, 0.0, 0.0, 0.0, 0.0, 0.0, 1.0, 1.0, 1.0]
['spine_03_lra', 0.0, 0.0, 0.0, 0.0, 0.0, 0.0, 1.0, 1.0, 1.0]
['thigh_l_lra', 0.0, 0.0, 0.0, 0.0, 0.0, 0.0, 1.0, 1.0, 1.0]
['thigh_r_lra', 0.0, 0.0, 0.0, 0.0, 0.0, 0.0, 1.0, 1.0, 1.0]
['thigh_twist_01_l_lra', 0.0, 0.0, 0.0, 0.0, 0.0, 0.0, 1.0, 1.0, 1.0]
['thigh_twist_01_r_lra', 0.0, 0.0, 0.0, 0.0, 0.0, 0.0, 1.0, 1.0, 1.0]
['thigh_twist_02_l_lra', 0.0, 0.0, 0.0, 0.0, 0.0, 0.0, 1.0, 1.0, 1.0]
['thigh_twist_02_r_lra', 0.0, 0.0, 0.0, 0.0, 0.0, 0.0, 1.0, 1.0, 1.0]
['thumb_01_l_lra', 0.0, -2.842170943040401e-14, 7.105427357601002e-15, 1.590277340731758e-15, 1.5902773407317576e-15, -1.5902773407317578e-14, 1.0000000000000004, 1.0000000000000002, 1.0000000000000007]
['thumb_01_r_lra', 0.0, 0.0, 0.0, 0.0, 0.0, 0.0, 1.0, 1.0, 1.0]
['thumb_02_l_lra', -2.842170943040401e-14, -2.842170943040401e-14, 7.105427357601002e-15, -1.749305074804934e-14, 1.5902773407317584e-15, -3.1805546814635168e-15, 1.0, 1.0, 1.0]
['thumb_02_r_lra', 0.0, 0.0, 0.0, 0.0, 0.0, 0.0, 1.0, 1.0, 1.0]
['thumb_03_l_lra', 2.842170943040401e-14, 0.0, 7.105427357601002e-15, -3.180554681463516e-15, 1.1131941385122302e-14, 6.36110936292703e-15, 1.0000000000000004, 1.0000000000000002, 1.0000000000000004]
['thumb_03_r_lra', 0.0, 0.0, 0.0, 0.0, 0.0, 0.0, 1.0, 1.0, 1.0]
['upperarm_l_lra', 0.0, 0.0, 0.0, 0.0, 0.0, 0.0, 1.0, 1.0, 1.0]
['upperarm_r_lra', 0.0, 0.0, 0.0, 0.0, 0.0, 0.0, 1.0, 1.0, 1.0]
['upperarm_twist_01_l_lra', 0.0, 0.0, 0.0, 0.0, 0.0, 0.0, 1.0, 1.0, 1.0]
['upperarm_twist_01_r_lra', 0.0, 0.0, 0.0, 0.0, 0.0, 0.0, 1.0, 1.0, 1.0]
['upperarm_twist_02_l_lra', 0.0, 0.0, 0.0, 0.0, 0.0, 0.0, 1.0, 1.0, 1.0]
['upperarm_twist_02_r_lra', 0.0, 0.0, 0.0, 0.0, 0.0, 0.0, 1.0, 1.0, 1.0]
