['ball_mover_l', 15.759244938646496, 5.6380912439620952, 2.6185049232204136, -4.0892480240649561e-21, -2.7557792694885568, 1.7000743583912709e-19, 1.0, 1.0, 1.0]
['ball_mover_r', -15.759244918823242, -5.6380910873413086, -2.6185050010681152, -4.0892480240649561e-21, -2.7557792694885568, 1.7000743583912709e-19, 1.0, 1.0, 1.0]
['bigtoe_distal_phalange_mover_l', 4.9737991503207013e-14, -7.9936057773011271e-15, 1.7763568394002505e-14, 0.0, 0.0, -3.8166656177562201e-14, 1.0, 1.0, 1.0]
['bigtoe_distal_phalange_mover_r', -0.0, -0.0, -0.0, 0.0, 0.0, -3.8166656177562201e-14, 1.0, 1.0, 1.0]
['bigtoe_metatarsal_mover_l', 2.0942051965244541, -0.2145042826038992, 0.32422455306982556, -1.0770447744401961, 13.006923757412505, -0.45440865873144448, 1.0, 1.0, 1.0]
['bigtoe_metatarsal_mover_r', -2.0942051410675049, 0.21450428664684296, -0.3242245614528656, -1.0770447744401961, 13.006923757412505, -0.45440865873144448, 1.0, 1.0, 1.0]
['bigtoe_proximal_phalange_mover_l', 2.265670970119011, 0.25782514383742239, -2.2825748638640171, -2.5320332861561581, 12.76724117578158, 0.77840986427458458, 1.0, 1.0, 1.0]
['bigtoe_proximal_phalange_mover_r', -0.0, -0.0, -0.0, -2.5320332861561581, 12.76724117578158, 0.77840986427458458, 1.0, 1.0, 1.0]
['calf_mover_l', 23.855434914662283, -0.34008633794087118, -2.0696716911781685, -0.52416214853321874, 2.813483905936264, 3.3700964092326147, 1.0, 1.0, 1.0]
['calf_mover_r', -23.855434417724609, 0.34008634090423584, 2.069671630859375, -0.52416214853321874, 2.813483905936264, 3.3700964092326147, 1.0, 1.0, 1.0]
['clavicle_mover_l', 0.26430725259219745, 4.2160373738813597, -7.0571353243639692, 172.22902508074637, 179.52257141267617, 179.94923533964359, 1.0, 1.0, 1.0]
['clavicle_mover_r', -0.26430726051330566, -4.2160372734069824, 7.0571351051330566, 172.22902508074637, 179.52257141267617, 179.94923533964359, 1.0, 1.0, 1.0]
['clothBack_l_01_mover', 37.783077151276323, -6.6449604909225624, 3.1081245734319225, 109.54081253074558, 186.91726431961578, 134.73904734372292, 1.0, 1.0, 1.0]
['clothBack_l_02_mover', -4.2632564145606011e-14, -0.10032496134780899, -4.2632564145606011e-14, -4.2705977967899802, 0.039068123793550832, 2.7444594140713643, 1.0, 1.0, 1.0]
['clothBack_l_03_mover', 4.9737991503207007e-14, 0.2798846701939226, 1.4210854715202004e-13, -2.8664000585767555, 0.0054989685212343412, 1.8758851215094134, 1.0, 1.0, 1.0]
['clothBack_l_04_mover', 8.1712414612411521e-14, 0.8000781301079769, -1.1368683772161603e-13, 0.14996264262829184, 0.0047434810664278926, 0.53544771925930945, 1.0, 1.0, 1.0]
['clothBack_l_05_mover', 1.7763568394002505e-14, 1.5064592170059257, 9.9475983006414026e-14, -1.2775244136998003, -0.0016622092274933703, 0.85963508764219665, 1.0, 1.0, 1.0]
['clothBack_l_06_mover', 1.5631940186722204e-13, 2.4502666349637252, 0.0, -1.1429691873710319, -0.0088286061886720772, -0.44417825230858216, 1.0, 1.0, 1.0]
['clothBack_l_07_mover', -4.9737991503207013e-14, 2.0267290312764885, 4.2632564145606011e-14, -1.4348664894890926, -0.0096276862858985547, -1.9134693390283017, 1.0, 1.0, 1.0]
['clothBack_l_08_mover', 6.3948846218409017e-14, 2.410226067930239, -1.4210854715202004e-14, 1.6598602487885405, 0.12040551426231486, -1.8415972479631142, 1.0, 1.0, 1.0]
['clothBack_l_09_mover', 0.0, 1.4098848516493803, 1.4210854715202004e-14, 1.4471281994881755, -0.061296831710714726, 4.8506629637460614, 1.0, 1.0, 1.0]
['clothBack_r_01_mover', -37.783077151276366, -6.6449604909225695, 3.1081245734318372, -69.482627522898909, 2.6771003454571076, 56.89046151084591, 1.0, 1.0, 1.0]
['clothBack_r_02_mover', -1.0658141036401503e-14, -0.10032496134792268, -1.2789769243681803e-13, -4.7587549821979831, 0.023421507349134188, -1.772134775431232, 1.0, 1.0, 1.0]
['clothBack_r_03_mover', 5.1514348342607257e-14, 0.27988467019406471, 7.1054273576010019e-14, -3.2002855742379741, 0.031237208459311147, -1.2236378566889039, 1.0, 1.0, 1.0]
['clothBack_r_04_mover', -1.7763568394002505e-15, 0.80007813010780637, -1.4210854715202004e-14, 0.032655035601250666, 0.01832684900497783, -0.55506863584151933, 1.0, 1.0, 1.0]
['clothBack_r_05_mover', -1.0658141036401503e-14, 1.5064592170059541, 4.2632564145606011e-14, -1.4308775425589779, 0.015777872260993375, -0.56917508483533663, 1.0, 1.0, 1.0]
['clothBack_r_06_mover', 2.842170943040402e-14, 2.4502666349638673, -4.2632564145606011e-14, -1.0227287251951518, -0.026803246073654429, 0.67714530603861334, 1.0, 1.0, 1.0]
['clothBack_r_07_mover', -3.6415315207705135e-14, 2.0267290312764032, 1.4210854715202004e-14, -0.99505519112036744, -0.09554433856074368, 2.1766784574911013, 1.0, 1.0, 1.0]
['clothBack_r_08_mover', 7.1054273576010082e-15, 2.4102260679301111, 1.4210854715202004e-14, 2.0168451101735489, -0.16264455905161249, 1.440560031250929, 1.0, 1.0, 1.0]
['clothBack_r_09_mover', -1.7763568394002505e-14, 1.4098848516494442, 5.6843418860808015e-14, 5.1887037719795703, 0.18425363188337845, -4.0647237281763156, 1.0, 1.0, 1.0]
['clothFront_l_01_mover', 32.450052749278925, -55.825439318820514, 2.1232407105591449, -75.790130039633155, 12.881238150112944, -132.84178967662189, 1.0, 1.0, 1.0]
['clothFront_l_02_mover', 1.4210854715202004e-14, -0.86340747619459535, 2.8421709430404007e-14, -3.5210564520164911, 0.06835176632353282, -0.67821427334995787, 1.0, 1.0, 1.0]
['clothFront_l_03_mover', -1.421085471520201e-14, -0.12317084984232451, -2.8421709430404007e-14, -6.7915322308013568, -0.035933322821368317, -2.2408185817818742, 1.0, 1.0, 1.0]
['clothFront_l_04_mover', -3.5527136788005009e-14, 1.3850680156915303, -2.8421709430404007e-14, -3.7655583440451914, 0.028001783361499308, -0.96109852845831634, 1.0, 1.0, 1.0]
['clothFront_l_05_mover', -5.6843418860808015e-14, 1.7965054619030809, -3.5527136788005009e-14, -0.57487247301967115, 0.02158894200342739, -1.9934006143520371, 1.0, 1.0, 1.0]
['clothFront_l_06_mover', 5.6843418860808027e-14, 1.0382984183445387, 0.0, -1.1258802493955142, -0.0037920728451674777, -0.20072800080476655, 1.0, 1.0, 1.0]
['clothFront_l_07_mover', 7.1054273576010019e-15, 3.2976203119725938, -7.1054273576010019e-15, -0.49162330712334967, -0.016947434586325472, 0.60634253122683246, 1.0, 1.0, 1.0]
['clothFront_l_08_mover', 2.1316282072803012e-14, 2.6734030144514662, 7.1054273576010019e-15, -0.71693705535384933, -0.0032936421617761422, 0.098823756546663297, 1.0, 1.0, 1.0]
['clothFront_l_09_mover', -1.4210854715202004e-14, 0.88878107754581492, 1.4210854715202004e-14, 4.3047363808490875, -0.0011910803652316734, 0.03169149760977983, 1.0, 1.0, 1.0]
['clothFront_r_01_mover', -32.45005274927896, -55.8254393188205, 2.1232407105591165, 81.502195745427031, -162.84245616664941, 28.343180730639258, 1.0, 1.0, 1.0]
['clothFront_r_02_mover', -2.8421709430404007e-14, -0.8634074761945385, 3.5527136788005009e-15, -0.4100398543889367, -0.076454763778428178, 3.5619542547150842, 1.0, 1.0, 1.0]
['clothFront_r_03_mover', 1.4210854715201997e-14, -0.12317084984218241, 2.1316282072803006e-14, 0.10120173121691543, -0.10338492772654147, 7.150449304745079, 1.0, 1.0, 1.0]
['clothFront_r_04_mover', 1.4210854715202004e-14, 1.385068015691246, 2.1316282072803006e-14, -0.21157250596461066, -0.05243720056347996, 3.8800876764089973, 1.0, 1.0, 1.0]
['clothFront_r_05_mover', -4.2632564145606011e-14, 1.7965054619032799, 2.4868995751603507e-14, 1.7299512830411474, -0.04886062016891083, 1.1434245113611234, 1.0, 1.0, 1.0]
['clothFront_r_06_mover', -1.4210854715201991e-14, 1.0382984183445103, 3.5527136788005009e-14, -0.14498885377136847, 0.0032531870941691077, 1.1344095805575576, 1.0, 1.0, 1.0]
['clothFront_r_07_mover', -1.3500311979441904e-13, 3.2976203119725653, 6.7501559897209518e-14, -0.72543399292143496, 0.021371094876069047, 0.28766932508230136, 1.0, 1.0, 1.0]
['clothFront_r_08_mover', -4.2632564145606005e-14, 2.6734030144514378, -1.7763568394002505e-14, -0.30858803921924599, 0.0056741149569955462, 0.65459436081164746, 1.0, 1.0, 1.0]
['clothFront_r_09_mover', -4.2632564145606011e-14, 0.88878107754584335, 7.1054273576010019e-15, 5.8902185742045532, -15.79418101547108, -4.8110678898181609, 1.0, 1.0, 1.0]
['foot_mover_l', -6.156823585147194, 2.4710781739709766, -0.28658993681553824, -7.3196916555654026, 4.5667279911163616, -0.88136091481693668, 1.0, 1.0, 1.0]
['foot_mover_r', 6.1568236351013184, -2.4710781574249268, 0.28658995032310486, -7.3196916555654026, 4.5667279911163616, -0.88136091481693668, 1.0, 1.0, 1.0]
['hand_mover_l', 3.2441924929342179, 1.3785636131631804, 0.90073483514810349, -0.2248946980156801, -2.6074744771080089, 2.4441959026353475, 1.0, 1.0, 1.0]
['hand_mover_r', -3.2441926002502441, -1.3785636425018311, -0.90073484182357788, -0.2248946980156801, -2.6074744771080089, 2.4441959026353475, 1.0, 1.0, 1.0]
['head_mover', -5.9859404256099538, -3.4819530086790271, -6.7432961065605548e-14, 0.0, 0.0, 3.1805546814635168e-15, 1.0, 1.0, 1.0]
['heel_pivot_l_mover', 0.0, 0.0, 0.0, 0.0, 0.0, 0.0, 1.0, 1.0, 1.0]
['heel_pivot_r_mover', 0.0, 0.0, -0.0, 0.0, -0.0, -0.0, 1.0, 1.0, 1.0]
['index_01_mover_l', 4.4876436081493836, -4.019670825826779, -1.6620486861396095, -4.1773862666188268, -4.1935763717665333, -1.9888317009236416, 1.0, 1.0, 1.0]
['index_01_mover_r', -4.4876437187194824, 4.0196709632873535, 1.6620486974716187, -4.1773862666188268, -4.1935763717665333, -1.9888317009236416, 1.0, 1.0, 1.0]
['index_02_mover_l', -1.850357313697387, 1.4210854715202004e-13, -2.6645352591003757e-13, -3.7038673151101572e-14, -1.2298662361921624e-14, 5.4653098248202143, 1.0, 1.0, 1.0]
['index_02_mover_r', 1.8503572940826416, -1.4210854715202004e-13, 2.6645352591003757e-13, -3.7038673151101572e-14, -1.2298662361921624e-14, 5.4653098248202143, 1.0, 1.0, 1.0]
['index_03_mover_l', -0.29744716999084631, -1.9895196601282805e-13, 1.8118839761882555e-13, -9.3169110309069131e-15, -1.9363263071974806e-14, -6.2305451076622891, 1.0, 1.0, 1.0]
['index_03_mover_r', 0.29744717478752136, 1.9895196601282805e-13, -1.8118839761882555e-13, -9.3169110309069131e-15, -1.9363263071974806e-14, -6.2305451076622891, 1.0, 1.0, 1.0]
['index_distal_phalange_mover_l', 8.1712414612411521e-14, -1.1546319456101628e-14, 5.3290705182007514e-14, 2.1711012913505862e-15, -1.0621076905182766e-14, -1.3505617168909457e-14, 1.0, 1.0, 1.0]
['index_distal_phalange_mover_r', -0.0, -0.0, -0.0, 2.1711012913505862e-15, -1.0621076905182766e-14, -1.3505617168909457e-14, 1.0, 1.0, 1.0]
['index_metacarpal_mover_l', 0.50629402211691854, 1.2549814172208471, 0.72245983972106598, -1.7666405739726634, 5.8413980493437903, -8.7909259455056628, 1.0, 1.0, 1.0]
['index_metacarpal_mover_r', -0.50629401206970215, -1.2549813985824585, -0.72245985269546509, -1.7666405739726634, 5.8413980493437903, -8.7909259455056628, 1.0, 1.0, 1.0]
['index_metatarsal_mover_l', 0.8556726162214634, -0.29965003454434225, 0.59805546304391655, -1.3976887671051696, 12.980989496256933, -0.099620881479597884, 1.0, 1.0, 1.0]
['index_metatarsal_mover_r', -0.85567259788513184, 0.29965004324913025, -0.59805548191070557, -1.3976887671051696, 12.980989496256933, -0.099620881479597884, 1.0, 1.0, 1.0]
['index_middle_phalange_mover_l', -8.8817841970012523e-14, 8.8817841970012523e-15, 3.5527136788005009e-14, 4.4695490103769552e-15, -7.9850079570110837e-15, -1.7515732545329808e-14, 1.0, 1.0, 1.0]
['index_middle_phalange_mover_r', -0.0, -0.0, -0.0, 4.4695490103769552e-15, -7.9850079570110837e-15, -1.7515732545329808e-14, 1.0, 1.0, 1.0]
['index_proximal_phalange_mover_l', 0.52400221759450005, -0.36186302149626837, -2.4602484638878686, -1.2288726790731193, 12.997350208930756, -0.26002771010732628, 1.0, 1.0, 1.0]
['index_proximal_phalange_mover_r', -0.0, -0.0, -0.0, -1.2288726790731193, 12.997350208930756, -0.26002771010732628, 1.0, 1.0, 1.0]
['inside_pivot_l_mover', 9.2405616897770315, 0.33204618644109207, 0.25380107631525206, 0.0, 0.0, 0.0, 1.0, 1.0, 1.0]
['inside_pivot_r_mover', 9.2405614852905273, 0.33204618096351624, -0.25380107760429382, 0.0, -0.0, -0.0, 1.0, 1.0, 1.0]
['kneepad_l_mover', 1.6712593879712543, -23.238668809158167, -95.017798668766687, 188.3660811275297, 178.6206523320665, 187.4789249998623, 1.0, 1.0, 1.0]
['kneepad_r_mover', -1.6712594032287598, 23.238668441772461, 95.017799377441406, 188.36607360839844, 178.62065124511719, 187.47892761230469, 1.0, 1.0, 1.0]
['knife_mover', 0.60370946250046131, -49.476117702033605, 2.6482647964904231, 0.0, 0.0, 0.0, 1.0, 1.0, 1.0]
['knife_sheath_mover', -29.621125639127857, -26.371483098162262, 39.509738443074923, 48.272341847697533, -23.420328487394553, 11.822986517564303, 0.66000000000000003, 0.66000000000000003, 0.66000000000000003]
['lowerarm_mover_l', 2.9947780806089668, 0.5529042070458754, -1.0020862186352986, -0.41923918881586808, 0.48191128896829188, -13.11999230470129, 1.0, 1.0, 1.0]
['lowerarm_mover_r', -2.9947781562805176, -0.55290418863296509, 1.0020861625671387, -0.41923918881586808, 0.48191128896829188, -13.11999230470129, 1.0, 1.0, 1.0]
['middle_01_mover_l', 3.4452380072692108, -3.6700033040343385, -2.123752090945346, -5.0259698968380793, 6.5043258877907526, -5.9580420285064841, 1.0, 1.0, 1.0]
['middle_01_mover_r', -3.4452381134033203, 3.6700034141540527, 2.1237521171569824, -5.0259698968380793, 6.5043258877907526, -5.9580420285064841, 1.0, 1.0, 1.0]
['middle_02_mover_l', -1.3845697111128814, 0.067901933756758126, -9.2370555648813024e-14, -1.1442131195805894e-14, 1.0418838954849925e-14, 6.3864435969842708, 1.0, 1.0, 1.0]
['middle_02_mover_r', 1.3845697641372681, -0.067901931703090668, 9.2370555648813024e-14, -1.1442131195805894e-14, 1.0418838954849925e-14, 6.3864435969842708, 1.0, 1.0, 1.0]
['middle_03_mover_l', 0.49722206976339578, 0.024826387120981508, 7.1054273576010019e-15, -1.8082934140584457e-14, 2.2747607283504006e-14, 4.6786155982137254, 1.0, 1.0, 1.0]
['middle_03_mover_r', -0.49722206592559814, -0.024826386943459511, -7.1054273576010019e-15, -1.8082934140584457e-14, 2.2747607283504006e-14, 4.6786155982137254, 1.0, 1.0, 1.0]
['middle_distal_phalange_mover_l', 1.1013412404281553e-13, -1.0658141036401503e-14, 8.1712414612411521e-14, 4.4975031042570055e-15, 4.7656314239134362e-15, 1.5781192306906343e-15, 1.0, 1.0, 1.0]
['middle_distal_phalange_mover_r', -0.0, -0.0, -0.0, 4.4975031042570055e-15, 4.7656314239134362e-15, 1.5781192306906343e-15, 1.0, 1.0, 1.0]
['middle_metacarpal_mover_l', 0.070225491303631316, 1.2966231675856079, 0.80704525895398005, -1.7324061595066662, 8.7390217329557878, -6.0778245167053822, 1.0, 1.0, 1.0]
['middle_metacarpal_mover_r', -0.070225492119789124, -1.2966231107711792, -0.80704528093338013, -1.7324061595066662, 8.7390217329557878, -6.0778245167053822, 1.0, 1.0, 1.0]
['middle_metatarsal_mover_l', -0.16300498214060788, -0.40637352440574759, 0.60938024453987438, -1.3584320355069057, 12.985165422108089, -0.11658382180914839, 1.0, 1.0, 1.0]
['middle_metatarsal_mover_r', 0.16300497949123383, 0.406373530626297, -0.60938024520874023, -1.3584320355069057, 12.985165422108089, -0.11658382180914839, 1.0, 1.0, 1.0]
['middle_middle_phalange_mover_l', -3.5527136788005009e-15, -1.7763568394002505e-15, -1.9539925233402755e-13, 2.138332881302303e-14, 1.3948713878343616e-14, 4.7411229659755972e-15, 1.0, 1.0, 1.0]
['middle_middle_phalange_mover_r', -0.0, -0.0, -0.0, 2.138332881302303e-14, 1.3948713878343616e-14, 4.7411229659755972e-15, 1.0, 1.0, 1.0]
['middle_proximal_phalange_mover_l', -0.39102788461843829, -0.38803311481215541, -2.0461820486834448, 0.25149890556991972, 13.052336380971207, -0.034256062459889255, 1.0, 1.0, 1.0]
['middle_proximal_phalange_mover_r', -0.0, -0.0, -0.0, 0.25149890556991972, 13.052336380971207, -0.034256062459889255, 1.0, 1.0, 1.0]
['neck_01_mover', 2.8014853657008416, 6.2379205215389817, 1.2452033351078519e-12, 0.0, 0.0, 7.7702903651065638, 1.0, 1.0, 1.0]
['outside_pivot_l_mover', 10.617121677505898, -0.72313395716603202, -0.43065855252626761, 0.0, 0.0, 0.0, 1.0, 1.0, 1.0]
['outside_pivot_r_mover', 10.617121696472168, -0.72313398122787476, 0.43065854907035828, 0.0, -0.0, -0.0, 1.0, 1.0, 1.0]
['packA_l_mover', 32.010319424529321, -24.319183910830624, 37.826970356657966, 5.0472052439517308, -30.3232754742161, 36.603057951105612, 0.5, 0.5, 0.5]
['packA_r_mover', -32.010318756103516, 24.319183349609375, -37.826969146728516, 5.0472054481506348, -30.323274612426754, 36.603057861328125, 0.5, 0.5, 0.5]
['packB_l_mover', 22.620856272279678, -28.986365646865131, 26.86327795636646, 0.022254981205164174, -26.580376802821174, 29.168273158061712, 0.5, 0.5, 0.5]
['packB_r_mover', -22.620855331420898, 28.986366271972656, -26.863277435302734, 0.022254981100559235, -26.580377578735352, 29.168273925781254, 0.5, 0.5, 0.5]
['pelvis_mover', 5.1159076974727213e-13, -9.3258734068513149e-15, -1.7670484276950664e-28, -2.4848083448933712e-17, -1.272226725726705e-14, -9.9392333795734874e-17, 1.0, 1.0, 1.0]
['pinky_01_mover_l', 5.6647015133282252, 0.27841633009632005, -2.5607419572071701, -7.765445199978223, 0.21161771990184131, 2.5480684681675334, 1.0, 1.0, 1.0]
['pinky_01_mover_r', -5.6647014617919922, -0.27841633558273315, 2.5607419013977051, -7.765445199978223, 0.21161771990184131, 2.5480684681675334, 1.0, 1.0, 1.0]
['pinky_02_mover_l', -3.4489434060468653, 5.6843418860808015e-14, -4.2632564145606011e-14, 4.7609063302933381e-15, 9.2655528282294857e-15, 4.7450590049521981, 1.0, 1.0, 1.0]
['pinky_02_mover_r', 3.4489433765411377, -5.6843418860808015e-14, 4.2632564145606011e-14, 4.7609063302933381e-15, 9.2655528282294857e-15, 4.7450590049521981, 1.0, 1.0, 1.0]
['pinky_03_mover_l', -0.90836064617136003, -3.4106051316484809e-13, 9.9475983006414026e-14, -1.1703447304447787e-14, 1.4581586153512672e-15, -9.4266326867994314e-15, 1.0, 1.0, 1.0]
['pinky_03_mover_r', 0.90836066007614136, 3.4106051316484809e-13, -9.9475983006414026e-14, -1.1703447304447787e-14, 1.4581586153512672e-15, -9.4266326867994314e-15, 1.0, 1.0, 1.0]
['pinky_distal_phalange_mover_l', 5.6843418860808015e-14, 3.5527136788005009e-15, -6.3948846218409017e-14, 1.987846675914713e-16, -3.6104265251300705e-14, -4.7863620743508585e-15, 1.0, 1.0, 1.0]
['pinky_distal_phalange_mover_r', -0.0, -0.0, -0.0, 1.987846675914713e-16, -3.6104265251300705e-14, -4.7863620743508585e-15, 1.0, 1.0, 1.0]
['pinky_metacarpal_mover_l', -0.99313320593219601, 1.3531348400235004, 1.2088525286153828, -1.6460438772440162, 7.0894188845560846, 2.279948598262564, 1.0, 1.0, 1.0]
['pinky_metacarpal_mover_r', 0.99313318729400635, -1.3531348705291748, -1.2088525295257568, -1.6460438772440162, 7.0894188845560846, 2.279948598262564, 1.0, 1.0, 1.0]
['pinky_metatarsal_mover_l', -1.8809269252866727, -0.57584691634595941, 0.73214657938786587, -1.3270257174862294, 12.98840943066836, -0.16042095328451508, 1.0, 1.0, 1.0]
['pinky_metatarsal_mover_r', 1.8809269666671753, 0.57584691047668457, -0.73214656114578247, -1.3270257174862294, 12.98840943066836, -0.16042095328451508, 1.0, 1.0, 1.0]
['pinky_middle_phalange_mover_l', 9.2370555648813024e-14, 3.1974423109204508e-14, 1.0658141036401503e-13, 0.0, 0.0, 3.1805546814635168e-15, 1.0, 1.0, 1.0]
['pinky_middle_phalange_mover_r', -0.0, -0.0, -0.0, 0.0, 0.0, 3.1805546814635168e-15, 1.0, 1.0, 1.0]
['pinky_proximal_phalange_mover_l', -2.1226642447113946, -0.4155424564239909, -1.0079261603885143, -0.18289230291223968, 13.053606320933977, -0.030279406824573148, 1.0, 1.0, 1.0]
['pinky_proximal_phalange_mover_r', -0.0, -0.0, -0.0, -0.18289230291223968, 13.053606320933977, -0.030279406824573148, 1.0, 1.0, 1.0]
['ring_01_mover_l', 4.7990183171040286, -1.977705974058324, -1.885930551094809, -8.0761967944710218, 2.6803838575394763, -0.74716198855511695, 1.0, 1.0, 1.0]
['ring_01_mover_r', -4.799018383026123, 1.9777059555053711, 1.8859305381774902, -8.0761967944710218, 2.6803838575394763, -0.74716198855511695, 1.0, 1.0, 1.0]
['ring_02_mover_l', -0.36075614251977584, 0.083343912866524761, -6.0396132539608516e-14, 0.0, 0.0, 5.3509825884950306, 1.0, 1.0, 1.0]
['ring_02_mover_r', 0.36075612902641296, -0.083343915641307831, 6.0396132539608516e-14, 0.0, 0.0, 5.3509825884950306, 1.0, 1.0, 1.0]
['ring_03_mover_l', -2.8421709430404007e-13, 1.1937117960769683e-12, 2.1316282072803006e-14, 0.0, 0.0, -2.7459043975141637, 1.0, 1.0, 1.0]
['ring_03_mover_r', 2.8421709430404007e-13, -1.1937117960769683e-12, -2.1316282072803006e-14, 0.0, 0.0, -2.7459043975141637, 1.0, 1.0, 1.0]
['ring_distal_phalange_mover_l', -6.7501559897209518e-14, -4.7961634663806763e-14, 1.1013412404281553e-13, 6.9986180039137398e-15, -1.5276775575495565e-14, -1.9995595825629769e-15, 1.0, 1.0, 1.0]
['ring_distal_phalange_mover_r', -0.0, -0.0, -0.0, 6.9986180039137398e-15, -1.5276775575495565e-14, -1.9995595825629769e-15, 1.0, 1.0, 1.0]
['ring_metacarpal_mover_l', -0.45331347052760407, 1.3132702699515448, 1.0054923735274768, -1.6179505460290351, 6.1154250839626307, -1.0769619151684695, 1.0, 1.0, 1.0]
['ring_metacarpal_mover_r', 0.45331346988677979, -1.3132702112197876, -1.0054923295974731, -1.6179505460290351, 6.1154250839626307, -1.0769619151684695, 1.0, 1.0, 1.0]
['ring_metatarsal_mover_l', -1.0105074963358351, -0.48029481074669, 0.7051794331831438, -1.4309334705554548, 12.974702187197538, -0.43579931817229167, 1.0, 1.0, 1.0]
['ring_metatarsal_mover_r', 1.0105074644088745, 0.48029482364654541, -0.70517945289611816, -1.4309334705554548, 12.974702187197538, -0.43579931817229167, 1.0, 1.0, 1.0]
['ring_middle_phalange_mover_l', -5.6843418860808015e-14, 8.8817841970012523e-15, 3.907985046680551e-14, -1.8934239588087498e-14, -9.6565864303418695e-15, 1.7960505317932425e-15, 1.0, 1.0, 1.0]
['ring_middle_phalange_mover_r', -0.0, -0.0, -0.0, -1.8934239588087498e-14, -9.6565864303418695e-15, 1.7960505317932425e-15, 1.0, 1.0, 1.0]
['ring_proximal_phalange_mover_l', -1.3168708600669525, -0.38083632216940755, -1.3831638049717689, 0.15931539684676113, 13.053405747687405, -0.097138712912652039, 1.0, 1.0, 1.0]
['ring_proximal_phalange_mover_r', -0.0, -0.0, -0.0, 0.15931539684676113, 13.053405747687405, -0.097138712912652039, 1.0, 1.0, 1.0]
['root_mover', 0.0, 0.0, 0.0, 0.0, 0.0, 0.0, 0.42999999999999999, 0.42999999999999999, 0.42999999999999999]
['shoulderpadBase_l_mover', 14.777352325324358, 4.4253114818126278, 18.665194405282989, -2.2521626125179219, 65.974242509384311, -1.7623280988564669, 1.0, 1.0, 1.0]
['shoulderpadBase_r_mover', -14.777352333068848, -4.4253115653991699, -18.665193557739258, -2.2521626949310303, 65.9742431640625, -1.7623281478881836, 1.0, 1.0, 1.0]
['shoulderpadFlap_l_mover', 5.2501684746594606, 0.31886580327599034, 1.3803642231671915, 0.0, 7.5444623536945867, 0.0, 0.66000000000000003, 0.66000000000000003, 0.66000000000000003]
['shoulderpadFlap_r_mover', -5.2501683235168457, -0.31886580586433411, -1.3803641796112061, 0.0, 7.5444622039794922, 0.0, 0.66000000000000003, 0.66000000000000003, 0.66000000000000003]
['spine_01_mover', -7.6584107895561715, -5.3968282915568508, 2.2214323091023692e-27, 0.0, 0.0, 8.7465253740246703e-15, 1.0, 1.0, 1.0]
['spine_02_mover', 11.109165309313767, 4.9927027748876043, -4.13994203059987e-27, 0.0, 0.0, 1.4529417388269685, 1.0, 1.0, 1.0]
['spine_03_mover', 3.5323403219902616, -1.2239198335619648, -2.7010615966105417e-12, 0.0, 0.0, -9.2235319776219011, 1.0, 1.0, 1.0]
['thigh_mover_l', -15.591404990325685, -5.337262049033729, -3.1109466308249267, -2.5152729887772618, -7.6609317778787132, -3.095203912035517, 1.0, 1.0, 1.0]
['thigh_mover_r', 15.591404914855957, 5.3372621536254883, 3.1109466552734375, -2.5152729887772618, -7.6609317778787132, -3.095203912035517, 1.0, 1.0, 1.0]
['thumb_01_mover_l', 0.81427264437996882, 2.7251809426586249, 2.2252327943872388, 2.2173959469507549, -7.9141030071601124, -2.5952817525922103, 1.0, 1.0, 1.0]
['thumb_01_mover_r', -0.81427264213562012, -2.7251808643341064, -2.2252328395843506, 2.2173959469507549, -7.9141030071601124, -2.5952817525922103, 1.0, 1.0, 1.0]
['thumb_02_mover_l', 3.8169773513099585, -0.43989057845388402, -0.07478462182229606, 34.471078768076147, -0.69202992964771914, 2.7841538882411667, 1.0, 1.0, 1.0]
['thumb_02_mover_r', -3.8169772624969482, 0.43989059329032898, 0.074784621596336365, 34.471078768076147, -0.69202992964771914, 2.7841538882411667, 1.0, 1.0, 1.0]
['thumb_03_mover_l', -4.2632564145606011e-14, 6.3948846218409017e-14, 1.9895196601282805e-13, 1.9965435051218249e-14, 1.6076709991460109e-14, 3.9781781601742887e-14, 1.0, 1.0, 1.0]
['thumb_03_mover_r', 4.2632564145606011e-14, -6.3948846218409017e-14, -1.9895196601282805e-13, 1.9965435051218249e-14, 1.6076709991460109e-14, 3.9781781601742887e-14, 1.0, 1.0, 1.0]
['toe_pivot_l_mover', -1.13185967805124, 1.6593141103512394, -2.3121648183857531, 0.0, 0.0, 0.0, 1.0, 1.0, 1.0]
['toe_pivot_r_mover', -1.1318596601486206, 1.6593141555786133, 2.3121647834777832, 0.0, -0.0, -0.0, 1.0, 1.0, 1.0]
['upperarm_mover_l', -2.841086630485222, -6.1731097738624072, 11.95222641307447, 0.41558133756981214, -16.987310118029413, 0.66426363263632837, 1.0, 1.0, 1.0]
['upperarm_mover_r', 2.8410866260528564, 6.1731100082397461, -11.952226638793945, 0.41558133756981214, -16.987310118029413, 0.66426363263632837, 1.0, 1.0, 1.0]
['ball_mover_offset_l', 0.0, 0.0, 0.0, 0.0, 0.0, 0.0, 1.1475839630099904, 1.1475839630099904, 1.1475839630099904]
['ball_mover_offset_r', -0.0, -0.0, -0.0, 0.0, 0.0, 0.0, 1.1475839630099904, 1.1475839630099904, 1.1475839630099904]
['bigtoe_distal_phalange_mover_offset_l', 0.0, 0.0, 0.0, 0.0, 0.0, 0.0, 1.0, 1.0, 1.0]
['bigtoe_distal_phalange_mover_offset_r', -0.0, -0.0, -0.0, 0.0, 0.0, 0.0, 1.0, 1.0, 1.0]
['bigtoe_metatarsal_mover_offset_l', 0.0, 0.0, 0.0, 0.0, 0.0, 0.0, 1.0, 1.0, 1.0]
['bigtoe_metatarsal_mover_offset_r', -0.0, -0.0, -0.0, 0.0, 0.0, 0.0, 1.0, 1.0, 1.0]
['bigtoe_proximal_phalange_mover_offset_l', 0.0, 0.0, 0.0, 0.0, 0.0, 0.0, 1.0, 1.0, 1.0]
['bigtoe_proximal_phalange_mover_offset_r', -0.0, -0.0, -0.0, 0.0, 0.0, 0.0, 1.0, 1.0, 1.0]
['calf_mover_offset_l', 0.0, 0.0, 0.0, 0.0, 0.0, 0.0, 1.0, 1.0, 1.0]
['calf_mover_offset_r', -0.0, -0.0, -0.0, 0.0, 0.0, 0.0, 1.0, 1.0, 1.0]
['clavicle_mover_offset_l', 0.0, 0.0, 0.0, 0.0, 0.0, 0.0, 1.0, 1.0, 1.0]
['clavicle_mover_offset_r', -0.0, -0.0, -0.0, 0.0, 0.0, 0.0, 1.0, 1.0, 1.0]
['clothBack_l_01_mover_offset', 0.0, 0.0, 0.0, 0.0, 0.0, 0.0, 1.0, 1.0, 1.0]
['clothBack_l_02_mover_offset', 0.0, 0.0, 0.0, 0.0, 0.0, 0.0, 1.0, 1.0, 1.0]
['clothBack_l_03_mover_offset', 0.0, 0.0, 0.0, 0.0, 0.0, 0.0, 1.0, 1.0, 1.0]
['clothBack_l_04_mover_offset', 0.0, 0.0, 0.0, 0.0, 0.0, 0.0, 1.0, 1.0, 1.0]
['clothBack_l_05_mover_offset', 0.0, 0.0, 0.0, 0.0, 0.0, 0.0, 1.0, 1.0, 1.0]
['clothBack_l_06_mover_offset', 0.0, 0.0, 0.0, 0.0, 0.0, 0.0, 1.0, 1.0, 1.0]
['clothBack_l_07_mover_offset', 0.0, 0.0, 0.0, 0.0, 0.0, 0.0, 1.0, 1.0, 1.0]
['clothBack_l_08_mover_offset', 0.0, 0.0, 0.0, 0.0, 0.0, 0.0, 1.0, 1.0, 1.0]
['clothBack_l_09_mover_offset', 0.0, 0.0, 0.0, 0.0, 0.0, 0.0, 1.0, 1.0, 1.0]
['clothBack_r_01_mover_offset', 0.0, 0.0, 0.0, 0.0, 0.0, 0.0, 1.0, 1.0, 1.0]
['clothBack_r_02_mover_offset', 0.0, 0.0, 0.0, 0.0, 0.0, 0.0, 1.0, 1.0, 1.0]
['clothBack_r_03_mover_offset', 0.0, 0.0, 0.0, 0.0, 0.0, 0.0, 1.0, 1.0, 1.0]
['clothBack_r_04_mover_offset', 0.0, 0.0, 0.0, 0.0, 0.0, 0.0, 1.0, 1.0, 1.0]
['clothBack_r_05_mover_offset', 0.0, 0.0, 0.0, 0.0, 0.0, 0.0, 1.0, 1.0, 1.0]
['clothBack_r_06_mover_offset', 0.0, 0.0, 0.0, 0.0, 0.0, 0.0, 1.0, 1.0, 1.0]
['clothBack_r_07_mover_offset', 0.0, 0.0, 0.0, 0.0, 0.0, 0.0, 1.0, 1.0, 1.0]
['clothBack_r_08_mover_offset', 0.0, 0.0, 0.0, 0.0, 0.0, 0.0, 1.0, 1.0, 1.0]
['clothBack_r_09_mover_offset', 0.0, 0.0, 0.0, 0.0, 0.0, 0.0, 1.0, 1.0, 1.0]
['clothFront_l_01_mover_offset', 0.0, 0.0, 0.0, 0.0, 0.0, 0.0, 1.0, 1.0, 1.0]
['clothFront_l_02_mover_offset', 0.0, 0.0, 0.0, 0.0, 0.0, 0.0, 1.0, 1.0, 1.0]
['clothFront_l_03_mover_offset', 0.0, 0.0, 0.0, 0.0, 0.0, 0.0, 1.0, 1.0, 1.0]
['clothFront_l_04_mover_offset', 0.0, 0.0, 0.0, 0.0, 0.0, 0.0, 1.0, 1.0, 1.0]
['clothFront_l_05_mover_offset', 0.0, 0.0, 0.0, 0.0, 0.0, 0.0, 1.0, 1.0, 1.0]
['clothFront_l_06_mover_offset', 0.0, 0.0, 0.0, 0.0, 0.0, 0.0, 1.0, 1.0, 1.0]
['clothFront_l_07_mover_offset', 0.0, 0.0, 0.0, 0.0, 0.0, 0.0, 1.0, 1.0, 1.0]
['clothFront_l_08_mover_offset', 0.0, 0.0, 0.0, 0.0, 0.0, 0.0, 1.0, 1.0, 1.0]
['clothFront_l_09_mover_offset', 0.0, 0.0, 0.0, 0.0, 0.0, 0.0, 1.0, 1.0, 1.0]
['clothFront_r_01_mover_offset', 0.0, 0.0, 0.0, 0.0, 0.0, 0.0, 1.0, 1.0, 1.0]
['clothFront_r_02_mover_offset', 0.0, 0.0, 0.0, 0.0, 0.0, 0.0, 1.0, 1.0, 1.0]
['clothFront_r_03_mover_offset', 0.0, 0.0, 0.0, 0.0, 0.0, 0.0, 1.0, 1.0, 1.0]
['clothFront_r_04_mover_offset', 0.0, 0.0, 0.0, 0.0, 0.0, 0.0, 1.0, 1.0, 1.0]
['clothFront_r_05_mover_offset', 0.0, 0.0, 0.0, 0.0, 0.0, 0.0, 1.0, 1.0, 1.0]
['clothFront_r_06_mover_offset', 0.0, 0.0, 0.0, 0.0, 0.0, 0.0, 1.0, 1.0, 1.0]
['clothFront_r_07_mover_offset', 0.0, 0.0, 0.0, 0.0, 0.0, 0.0, 1.0, 1.0, 1.0]
['clothFront_r_08_mover_offset', 0.0, 0.0, 0.0, 0.0, 0.0, 0.0, 1.0, 1.0, 1.0]
['clothFront_r_09_mover_offset', 0.0, 0.0, 0.0, 0.0, 0.0, 0.0, 1.0, 1.0, 1.0]
['foot_mover_offset_l', 0.0, 0.0, 0.0, 0.0, 0.0, 0.0, 1.1461501159783904, 1.1461501159783904, 1.1461501159783904]
['foot_mover_offset_r', -0.0, -0.0, -0.0, 0.0, 0.0, 0.0, 1.1461501159783904, 1.1461501159783904, 1.1461501159783904]
['hand_mover_offset_l', 0.0, 0.0, 0.0, 0.0, 0.0, 0.0, 1.0, 1.0, 1.0]
['hand_mover_offset_r', -0.0, -0.0, -0.0, 0.0, 0.0, 0.0, 1.0, 1.0, 1.0]
['head_mover_offset', 0.0, 0.0, 0.0, 0.0, 0.0, 0.0, 1.0, 1.0, 1.0]
['index_01_mover_offset_l', 0.0, 0.0, 0.0, 0.0, 0.0, 0.0, 1.0, 1.0, 1.0]
['index_01_mover_offset_r', -0.0, -0.0, -0.0, 0.0, 0.0, 0.0, 1.0, 1.0, 1.0]
['index_02_mover_offset_l', 0.0, 0.0, 0.0, 0.0, 0.0, 0.0, 1.0, 1.0, 1.0]
['index_02_mover_offset_r', -0.0, -0.0, -0.0, 0.0, 0.0, 0.0, 1.0, 1.0, 1.0]
['index_03_mover_offset_l', 0.0, 0.0, 0.0, 0.0, 0.0, 0.0, 1.0, 1.0, 1.0]
['index_03_mover_offset_r', -0.0, -0.0, -0.0, 0.0, 0.0, 0.0, 1.0, 1.0, 1.0]
['index_distal_phalange_mover_offset_l', 0.0, 0.0, 0.0, 0.0, 0.0, 0.0, 1.0, 1.0, 1.0]
['index_distal_phalange_mover_offset_r', -0.0, -0.0, -0.0, 0.0, 0.0, 0.0, 1.0, 1.0, 1.0]
['index_metacarpal_mover_offset_l', 0.0, 0.0, 0.0, 0.0, 0.0, 0.0, 1.0, 1.0, 1.0]
['index_metacarpal_mover_offset_r', -0.0, -0.0, -0.0, 0.0, 0.0, 0.0, 1.0, 1.0, 1.0]
['index_metatarsal_mover_offset_l', 0.0, 0.0, 0.0, 0.0, 0.0, 0.0, 1.0, 1.0, 1.0]
['index_metatarsal_mover_offset_r', -0.0, -0.0, -0.0, 0.0, 0.0, 0.0, 1.0, 1.0, 1.0]
['index_middle_phalange_mover_offset_l', 0.0, 0.0, 0.0, 0.0, 0.0, 0.0, 1.0, 1.0, 1.0]
['index_middle_phalange_mover_offset_r', -0.0, -0.0, -0.0, 0.0, 0.0, 0.0, 1.0, 1.0, 1.0]
['index_proximal_phalange_mover_offset_l', 0.0, 0.0, 0.0, 0.0, 0.0, 0.0, 1.0, 1.0, 1.0]
['index_proximal_phalange_mover_offset_r', -0.0, -0.0, -0.0, 0.0, 0.0, 0.0, 1.0, 1.0, 1.0]
['kneepad_l_mover_offset', 0.0, 0.0, 0.0, 0.0, 0.0, 0.0, 1.0, 1.0, 1.0]
['kneepad_r_mover_offset', -0.0, -0.0, -0.0, 0.0, 0.0, 0.0, 1.0, 1.0, 1.0]
['knife_mover_offset', 0.0, 0.0, 0.0, 0.0, 0.0, 0.0, 1.0, 1.0, 1.0]
['knife_sheath_mover_offset', 0.0, 0.0, 0.0, 0.0, 0.0, 0.0, 1.0, 1.0, 1.0]
['lowerarm_mover_offset_l', 0.0, 0.0, 0.0, 0.0, 0.0, 0.0, 1.0, 1.0, 1.0]
['lowerarm_mover_offset_r', -0.0, -0.0, -0.0, 0.0, 0.0, 0.0, 1.0, 1.0, 1.0]
['middle_01_mover_offset_l', 0.0, 0.0, 0.0, 0.0, 0.0, 0.0, 1.0, 1.0, 1.0]
['middle_01_mover_offset_r', -0.0, -0.0, -0.0, 0.0, 0.0, 0.0, 1.0, 1.0, 1.0]
['middle_02_mover_offset_l', 0.0, 0.0, 0.0, 0.0, 0.0, 0.0, 1.0, 1.0, 1.0]
['middle_02_mover_offset_r', -0.0, -0.0, -0.0, 0.0, 0.0, 0.0, 1.0, 1.0, 1.0]
['middle_03_mover_offset_l', 0.0, 0.0, 0.0, 0.0, 0.0, 0.0, 1.0, 1.0, 1.0]
['middle_03_mover_offset_r', -0.0, -0.0, -0.0, 0.0, 0.0, 0.0, 1.0, 1.0, 1.0]
['middle_distal_phalange_mover_offset_l', 0.0, 0.0, 0.0, 0.0, 0.0, 0.0, 1.0, 1.0, 1.0]
['middle_distal_phalange_mover_offset_r', -0.0, -0.0, -0.0, 0.0, 0.0, 0.0, 1.0, 1.0, 1.0]
['middle_metacarpal_mover_offset_l', 0.0, 0.0, 0.0, 0.0, 0.0, 0.0, 1.0, 1.0, 1.0]
['middle_metacarpal_mover_offset_r', -0.0, -0.0, -0.0, 0.0, 0.0, 0.0, 1.0, 1.0, 1.0]
['middle_metatarsal_mover_offset_l', 0.0, 0.0, 0.0, 0.0, 0.0, 0.0, 1.0, 1.0, 1.0]
['middle_metatarsal_mover_offset_r', -0.0, -0.0, -0.0, 0.0, 0.0, 0.0, 1.0, 1.0, 1.0]
['middle_middle_phalange_mover_offset_l', 0.0, 0.0, 0.0, 0.0, 0.0, 0.0, 1.0, 1.0, 1.0]
['middle_middle_phalange_mover_offset_r', -0.0, -0.0, -0.0, 0.0, 0.0, 0.0, 1.0, 1.0, 1.0]
['middle_proximal_phalange_mover_offset_l', 0.0, 0.0, 0.0, 0.0, 0.0, 0.0, 1.0, 1.0, 1.0]
['middle_proximal_phalange_mover_offset_r', -0.0, -0.0, -0.0, 0.0, 0.0, 0.0, 1.0, 1.0, 1.0]
['neck_01_mover_offset', 0.0, 0.0, 0.0, 0.0, 0.0, 0.0, 1.0, 1.0, 1.0]
['packA_l_mover_offset', 0.0, 0.0, 0.0, 0.0, 0.0, 0.0, 1.0, 1.0, 1.0]
['packA_r_mover_offset', -0.0, -0.0, -0.0, 0.0, 0.0, 0.0, 1.0, 1.0, 1.0]
['packB_l_mover_offset', 0.0, 0.0, 0.0, 0.0, 0.0, 0.0, 1.0, 1.0, 1.0]
['packB_r_mover_offset', -0.0, -0.0, -0.0, 0.0, 0.0, 0.0, 1.0, 1.0, 1.0]
['pelvis_mover_offset', 0.0, 0.0, 0.0, 0.0, 0.0, 0.0, 1.0, 1.0, 1.0]
['pinky_01_mover_offset_l', 0.0, 0.0, 0.0, 0.0, 0.0, 0.0, 1.0, 1.0, 1.0]
['pinky_01_mover_offset_r', -0.0, -0.0, -0.0, 0.0, 0.0, 0.0, 1.0, 1.0, 1.0]
['pinky_02_mover_offset_l', 0.0, 0.0, 0.0, 0.0, 0.0, 0.0, 1.0, 1.0, 1.0]
['pinky_02_mover_offset_r', -0.0, -0.0, -0.0, 0.0, 0.0, 0.0, 1.0, 1.0, 1.0]
['pinky_03_mover_offset_l', 0.0, 0.0, 0.0, 0.0, 0.0, 0.0, 1.0, 1.0, 1.0]
['pinky_03_mover_offset_r', -0.0, -0.0, -0.0, 0.0, 0.0, 0.0, 1.0, 1.0, 1.0]
['pinky_distal_phalange_mover_offset_l', 0.0, 0.0, 0.0, 0.0, 0.0, 0.0, 1.0, 1.0, 1.0]
['pinky_distal_phalange_mover_offset_r', -0.0, -0.0, -0.0, 0.0, 0.0, 0.0, 1.0, 1.0, 1.0]
['pinky_metacarpal_mover_offset_l', 0.0, 0.0, 0.0, 0.0, 0.0, 0.0, 1.0, 1.0, 1.0]
['pinky_metacarpal_mover_offset_r', -0.0, -0.0, -0.0, 0.0, 0.0, 0.0, 1.0, 1.0, 1.0]
['pinky_metatarsal_mover_offset_l', 0.0, 0.0, 0.0, 0.0, 0.0, 0.0, 1.0, 1.0, 1.0]
['pinky_metatarsal_mover_offset_r', -0.0, -0.0, -0.0, 0.0, 0.0, 0.0, 1.0, 1.0, 1.0]
['pinky_middle_phalange_mover_offset_l', 0.0, 0.0, 0.0, 0.0, 0.0, 0.0, 1.0, 1.0, 1.0]
['pinky_middle_phalange_mover_offset_r', -0.0, -0.0, -0.0, 0.0, 0.0, 0.0, 1.0, 1.0, 1.0]
['pinky_proximal_phalange_mover_offset_l', 0.0, 0.0, 0.0, 0.0, 0.0, 0.0, 1.0, 1.0, 1.0]
['pinky_proximal_phalange_mover_offset_r', -0.0, -0.0, -0.0, 0.0, 0.0, 0.0, 1.0, 1.0, 1.0]
['ring_01_mover_offset_l', 0.0, 0.0, 0.0, 0.0, 0.0, 0.0, 1.0, 1.0, 1.0]
['ring_01_mover_offset_r', -0.0, -0.0, -0.0, 0.0, 0.0, 0.0, 1.0, 1.0, 1.0]
['ring_02_mover_offset_l', 0.0, 0.0, 0.0, 0.0, 0.0, 0.0, 1.0, 1.0, 1.0]
['ring_02_mover_offset_r', -0.0, -0.0, -0.0, 0.0, 0.0, 0.0, 1.0, 1.0, 1.0]
['ring_03_mover_offset_l', 0.0, 0.0, 0.0, 0.0, 0.0, 0.0, 1.0, 1.0, 1.0]
['ring_03_mover_offset_r', -0.0, -0.0, -0.0, 0.0, 0.0, 0.0, 1.0, 1.0, 1.0]
['ring_distal_phalange_mover_offset_l', 0.0, 0.0, 0.0, 0.0, 0.0, 0.0, 1.0, 1.0, 1.0]
['ring_distal_phalange_mover_offset_r', -0.0, -0.0, -0.0, 0.0, 0.0, 0.0, 1.0, 1.0, 1.0]
['ring_metacarpal_mover_offset_l', 0.0, 0.0, 0.0, 0.0, 0.0, 0.0, 1.0, 1.0, 1.0]
['ring_metacarpal_mover_offset_r', -0.0, -0.0, -0.0, 0.0, 0.0, 0.0, 1.0, 1.0, 1.0]
['ring_metatarsal_mover_offset_l', 0.0, 0.0, 0.0, 0.0, 0.0, 0.0, 1.0, 1.0, 1.0]
['ring_metatarsal_mover_offset_r', -0.0, -0.0, -0.0, 0.0, 0.0, 0.0, 1.0, 1.0, 1.0]
['ring_middle_phalange_mover_offset_l', 0.0, 0.0, 0.0, 0.0, 0.0, 0.0, 1.0, 1.0, 1.0]
['ring_middle_phalange_mover_offset_r', -0.0, -0.0, -0.0, 0.0, 0.0, 0.0, 1.0, 1.0, 1.0]
['ring_proximal_phalange_mover_offset_l', 0.0, 0.0, 0.0, 0.0, 0.0, 0.0, 1.0, 1.0, 1.0]
['ring_proximal_phalange_mover_offset_r', -0.0, -0.0, -0.0, 0.0, 0.0, 0.0, 1.0, 1.0, 1.0]
['shoulderpadBase_l_mover_offset', 0.0, 0.0, 0.0, 0.0, 0.0, 0.0, 1.0, 1.0, 1.0]
['shoulderpadBase_r_mover_offset', -0.0, -0.0, -0.0, 0.0, 0.0, 0.0, 1.0, 1.0, 1.0]
['shoulderpadFlap_l_mover_offset', 0.0, 0.0, 0.0, 0.0, 0.0, 0.0, 1.0, 1.0, 1.0]
['shoulderpadFlap_r_mover_offset', -0.0, -0.0, -0.0, 0.0, 0.0, 0.0, 1.0, 1.0, 1.0]
['spine_01_mover_offset', 0.0, 0.0, 0.0, 0.0, 0.0, 0.0, 1.0, 1.0, 1.0]
['spine_02_mover_offset', 0.0, 0.0, 0.0, 0.0, 0.0, 0.0, 1.0, 1.0, 1.0]
['spine_03_mover_offset', 0.0, 0.0, 0.0, 0.0, 0.0, 0.0, 1.0, 1.0, 1.0]
['thigh_mover_offset_l', 0.0, 0.0, 0.0, 0.0, 0.0, 0.0, 1.0, 1.0, 1.0]
['thigh_mover_offset_r', -0.0, -0.0, -0.0, 0.0, 0.0, 0.0, 1.0, 1.0, 1.0]
['thumb_01_mover_offset_l', 0.0, 0.0, 0.0, 0.0, 0.0, 0.0, 1.0, 1.0, 1.0]
['thumb_01_mover_offset_r', -0.0, -0.0, -0.0, 0.0, 0.0, 0.0, 1.0, 1.0, 1.0]
['thumb_02_mover_offset_l', 0.0, 0.0, 0.0, 0.0, 0.0, 0.0, 1.0, 1.0, 1.0]
['thumb_02_mover_offset_r', -0.0, -0.0, -0.0, 0.0, 0.0, 0.0, 1.0, 1.0, 1.0]
['thumb_03_mover_offset_l', 0.0, 0.0, 0.0, 0.0, 0.0, 0.0, 1.0, 1.0, 1.0]
['thumb_03_mover_offset_r', -0.0, -0.0, -0.0, 0.0, 0.0, 0.0, 1.0, 1.0, 1.0]
['upperarm_mover_offset_l', 0.0, 0.0, 0.0, 0.0, 0.0, 0.0, 1.0, 1.0, 1.0]
['upperarm_mover_offset_r', -0.0, -0.0, -0.0, 0.0, 0.0, 0.0, 1.0, 1.0, 1.0]
['ball_geo_mover_l', 0.0, 0.0, 0.0, 0.0, 0.0, 0.0, 1.0, 1.0, 1.0]
['ball_geo_mover_r', -0.0, -0.0, -0.0, 0.0, 0.0, 0.0, 1.0, 1.0, 1.0]
['calf_geo_mover_l', 0.0, 0.0, 0.0, 0.0, 0.0, 0.0, 1.0, 1.0, 1.0]
['calf_geo_mover_r', -0.0, -0.0, -0.0, 0.0, 0.0, 0.0, 1.0, 1.0, 1.0]
['clavicle_geo_mover_l', 0.0, 0.0, 0.0, 0.0, 0.0, 0.0, 1.0, 1.0, 1.0]
['clavicle_geo_mover_r', -0.0, -0.0, -0.0, 0.0, 0.0, 0.0, 1.0, 1.0, 1.0]
['clothBack_l_01_geo_mover', 0.0, 0.0, 0.0, 0.0, 0.0, 0.0, 1.0, 1.0, 1.0]
['clothBack_l_02_geo_mover', 0.0, 0.0, 0.0, 0.0, 0.0, 0.0, 1.0, 1.0, 1.0]
['clothBack_l_03_geo_mover', 0.0, 0.0, 0.0, 0.0, 0.0, 0.0, 1.0, 1.0, 1.0]
['clothBack_l_04_geo_mover', 0.0, 0.0, 0.0, 0.0, 0.0, 0.0, 1.0, 1.0, 1.0]
['clothBack_l_05_geo_mover', 0.0, 0.0, 0.0, 0.0, 0.0, 0.0, 1.0, 1.0, 1.0]
['clothBack_l_06_geo_mover', 0.0, 0.0, 0.0, 0.0, 0.0, 0.0, 1.0, 1.0, 1.0]
['clothBack_l_07_geo_mover', 0.0, 0.0, 0.0, 0.0, 0.0, 0.0, 1.0, 1.0, 1.0]
['clothBack_l_08_geo_mover', 0.0, 0.0, 0.0, 0.0, 0.0, 0.0, 1.0, 1.0, 1.0]
['clothBack_l_09_geo_mover', 0.0, 0.0, 0.0, 0.0, 0.0, 0.0, 1.0, 1.0, 1.0]
['clothBack_r_01_geo_mover', 0.0, 0.0, 0.0, 0.0, 0.0, 0.0, 1.0, 1.0, 1.0]
['clothBack_r_02_geo_mover', 0.0, 0.0, 0.0, 0.0, 0.0, 0.0, 1.0, 1.0, 1.0]
['clothBack_r_03_geo_mover', 0.0, 0.0, 0.0, 0.0, 0.0, 0.0, 1.0, 1.0, 1.0]
['clothBack_r_04_geo_mover', 0.0, 0.0, 0.0, 0.0, 0.0, 0.0, 1.0, 1.0, 1.0]
['clothBack_r_05_geo_mover', 0.0, 0.0, 0.0, 0.0, 0.0, 0.0, 1.0, 1.0, 1.0]
['clothBack_r_06_geo_mover', 0.0, 0.0, 0.0, 0.0, 0.0, 0.0, 1.0, 1.0, 1.0]
['clothBack_r_07_geo_mover', 0.0, 0.0, 0.0, 0.0, 0.0, 0.0, 1.0, 1.0, 1.0]
['clothBack_r_08_geo_mover', 0.0, 0.0, 0.0, 0.0, 0.0, 0.0, 1.0, 1.0, 1.0]
['clothBack_r_09_geo_mover', 0.0, 0.0, 0.0, 0.0, 0.0, 0.0, 1.0, 1.0, 1.0]
['clothFront_l_01_geo_mover', 0.0, 0.0, 0.0, 0.0, 0.0, 0.0, 1.0, 1.0, 1.0]
['clothFront_l_02_geo_mover', 0.0, 0.0, 0.0, 0.0, 0.0, 0.0, 1.0, 1.0, 1.0]
['clothFront_l_03_geo_mover', 0.0, 0.0, 0.0, 0.0, 0.0, 0.0, 1.0, 1.0, 1.0]
['clothFront_l_04_geo_mover', 0.0, 0.0, 0.0, 0.0, 0.0, 0.0, 1.0, 1.0, 1.0]
['clothFront_l_05_geo_mover', 0.0, 0.0, 0.0, 0.0, 0.0, 0.0, 1.0, 1.0, 1.0]
['clothFront_l_06_geo_mover', 0.0, 0.0, 0.0, 0.0, 0.0, 0.0, 1.0, 1.0, 1.0]
['clothFront_l_07_geo_mover', 0.0, 0.0, 0.0, 0.0, 0.0, 0.0, 1.0, 1.0, 1.0]
['clothFront_l_08_geo_mover', 0.0, 0.0, 0.0, 0.0, 0.0, 0.0, 1.0, 1.0, 1.0]
['clothFront_l_09_geo_mover', 0.0, 0.0, 0.0, 0.0, 0.0, 0.0, 1.0, 1.0, 1.0]
['clothFront_r_01_geo_mover', 0.0, 0.0, 0.0, 0.0, 0.0, 0.0, 1.0, 1.0, 1.0]
['clothFront_r_02_geo_mover', 0.0, 0.0, 0.0, 0.0, 0.0, 0.0, 1.0, 1.0, 1.0]
['clothFront_r_03_geo_mover', 0.0, 0.0, 0.0, 0.0, 0.0, 0.0, 1.0, 1.0, 1.0]
['clothFront_r_04_geo_mover', 0.0, 0.0, 0.0, 0.0, 0.0, 0.0, 1.0, 1.0, 1.0]
['clothFront_r_05_geo_mover', 0.0, 0.0, 0.0, 0.0, 0.0, 0.0, 1.0, 1.0, 1.0]
['clothFront_r_06_geo_mover', 0.0, 0.0, 0.0, 0.0, 0.0, 0.0, 1.0, 1.0, 1.0]
['clothFront_r_07_geo_mover', 0.0, 0.0, 0.0, 0.0, 0.0, 0.0, 1.0, 1.0, 1.0]
['clothFront_r_08_geo_mover', 0.0, 0.0, 0.0, 0.0, 0.0, 0.0, 1.0, 1.0, 1.0]
['clothFront_r_09_geo_mover', 0.0, 0.0, 0.0, 0.0, 0.0, 0.0, 1.0, 1.0, 1.0]
['foot_geo_mover_l', 0.0, 0.0, 0.0, 0.0, 0.0, 0.0, 1.0, 1.0, 1.0]
['foot_geo_mover_r', -0.0, -0.0, -0.0, 0.0, 0.0, 0.0, 1.0, 1.0, 1.0]
['hand_geo_mover_l', 0.0, 0.0, 0.0, 0.0, 0.0, 0.0, 1.0, 1.0, 1.0]
['hand_geo_mover_r', -0.0, -0.0, -0.0, 0.0, 0.0, 0.0, 1.0, 1.0, 1.0]
['head_geo_mover', 0.0, 0.0, 0.0, 0.0, 0.0, 0.0, 1.0, 1.0, 1.0]
['index_01_geo_mover_l', 0.0, 0.0, 0.0, 0.0, 0.0, 0.0, 1.0, 1.0, 1.0]
['index_01_geo_mover_r', -0.0, -0.0, -0.0, 0.0, 0.0, 0.0, 1.0, 1.0, 1.0]
['index_02_geo_mover_l', 0.0, 0.0, 0.0, 0.0, 0.0, 0.0, 1.0, 1.0, 1.0]
['index_02_geo_mover_r', -0.0, -0.0, -0.0, 0.0, 0.0, 0.0, 1.0, 1.0, 1.0]
['index_03_geo_mover_l', 0.0, 0.0, 0.0, 0.0, 0.0, 0.0, 1.0, 1.0, 1.0]
['index_03_geo_mover_r', -0.0, -0.0, -0.0, 0.0, 0.0, 0.0, 1.0, 1.0, 1.0]
['kneepad_l_geo_mover', 0.0, 0.0, 0.0, 0.0, 0.0, 0.0, 1.0, 1.0, 1.0]
['kneepad_r_geo_mover', -0.0, -0.0, -0.0, 0.0, 0.0, 0.0, 1.0, 1.0, 1.0]
['knife_geo_mover', 0.0, 0.0, 0.0, 0.0, 0.0, 0.0, 1.0, 1.0, 1.0]
['knife_sheath_geo_mover', 0.0, 0.0, 0.0, 0.0, 0.0, 0.0, 1.0, 1.0, 1.0]
['lowerarm_geo_mover_l', 0.0, 0.0, 0.0, 0.0, 0.0, 0.0, 1.0, 1.0, 1.0]
['lowerarm_geo_mover_r', -0.0, -0.0, -0.0, 0.0, 0.0, 0.0, 1.0, 1.0, 1.0]
['middle_01_geo_mover_l', 0.0, 0.0, 0.0, 0.0, 0.0, 0.0, 1.0, 1.0, 1.0]
['middle_01_geo_mover_r', -0.0, -0.0, -0.0, 0.0, 0.0, 0.0, 1.0, 1.0, 1.0]
['middle_02_geo_mover_l', 0.0, 0.0, 0.0, 0.0, 0.0, 0.0, 1.0, 1.0, 1.0]
['middle_02_geo_mover_r', -0.0, -0.0, -0.0, 0.0, 0.0, 0.0, 1.0, 1.0, 1.0]
['middle_03_geo_mover_l', 0.0, 0.0, 0.0, 0.0, 0.0, 0.0, 1.0, 1.0, 1.0]
['middle_03_geo_mover_r', -0.0, -0.0, -0.0, 0.0, 0.0, 0.0, 1.0, 1.0, 1.0]
['neck_01_geo_mover', 0.0, 0.0, 0.0, 0.0, 0.0, 0.0, 1.0, 1.0, 1.0]
['packA_l_geo_mover', 0.0, 0.0, 0.0, 0.0, 0.0, 0.0, 1.0, 1.0, 1.0]
['packA_r_geo_mover', -0.0, -0.0, -0.0, 0.0, 0.0, 0.0, 1.0, 1.0, 1.0]
['packB_l_geo_mover', 0.0, 0.0, 0.0, 0.0, 0.0, 0.0, 1.0, 1.0, 1.0]
['packB_r_geo_mover', -0.0, -0.0, -0.0, 0.0, 0.0, 0.0, 1.0, 1.0, 1.0]
['pelvis_geo_mover', 0.0, 0.0, 0.0, 0.0, 0.0, 0.0, 1.0, 1.0, 1.0]
['pinky_01_geo_mover_l', 0.0, 0.0, 0.0, 0.0, 0.0, 0.0, 1.0, 1.0, 1.0]
['pinky_01_geo_mover_r', -0.0, -0.0, -0.0, 0.0, 0.0, 0.0, 1.0, 1.0, 1.0]
['pinky_02_geo_mover_l', 0.0, 0.0, 0.0, 0.0, 0.0, 0.0, 1.0, 1.0, 1.0]
['pinky_02_geo_mover_r', -0.0, -0.0, -0.0, 0.0, 0.0, 0.0, 1.0, 1.0, 1.0]
['pinky_03_geo_mover_l', 0.0, 0.0, 0.0, 0.0, 0.0, 0.0, 1.0, 1.0, 1.0]
['pinky_03_geo_mover_r', -0.0, -0.0, -0.0, 0.0, 0.0, 0.0, 1.0, 1.0, 1.0]
['ring_01_geo_mover_l', 0.0, 0.0, 0.0, 0.0, 0.0, 0.0, 1.0, 1.0, 1.0]
['ring_01_geo_mover_r', -0.0, -0.0, -0.0, 0.0, 0.0, 0.0, 1.0, 1.0, 1.0]
['ring_02_geo_mover_l', 0.0, 0.0, 0.0, 0.0, 0.0, 0.0, 1.0, 1.0, 1.0]
['ring_02_geo_mover_r', -0.0, -0.0, -0.0, 0.0, 0.0, 0.0, 1.0, 1.0, 1.0]
['ring_03_geo_mover_l', 0.0, 0.0, 0.0, 0.0, 0.0, 0.0, 1.0, 1.0, 1.0]
['ring_03_geo_mover_r', -0.0, -0.0, -0.0, 0.0, 0.0, 0.0, 1.0, 1.0, 1.0]
['shoulderpadBase_l_geo_mover', 0.0, 0.0, 0.0, 0.0, 0.0, 0.0, 1.0, 1.0, 1.0]
['shoulderpadBase_r_geo_mover', -0.0, -0.0, -0.0, 0.0, 0.0, 0.0, 1.0, 1.0, 1.0]
['shoulderpadFlap_l_geo_mover', 0.0, 0.0, 0.0, 0.0, 0.0, 0.0, 1.0, 1.0, 1.0]
['shoulderpadFlap_r_geo_mover', -0.0, -0.0, -0.0, 0.0, 0.0, 0.0, 1.0, 1.0, 1.0]
['spine_01_geo_mover', 0.0, 0.0, 0.0, 0.0, 0.0, 0.0, 1.0, 1.0, 1.0]
['spine_02_geo_mover', 0.0, 0.0, 0.0, 0.0, 0.0, 0.0, 1.0, 1.0, 1.0]
['spine_03_geo_mover', 0.0, 0.0, 0.0, 0.0, 0.0, 0.0, 1.0, 1.0, 1.0]
['thigh_geo_mover_l', 0.0, 0.0, 0.0, 0.0, 0.0, 0.0, 1.0, 1.0, 1.0]
['thigh_geo_mover_r', -0.0, -0.0, -0.0, 0.0, 0.0, 0.0, 1.0, 1.0, 1.0]
['thumb_01_geo_mover_l', 0.0, 0.0, 0.0, 0.0, 0.0, 0.0, 1.0, 1.0, 1.0]
['thumb_01_geo_mover_r', -0.0, -0.0, -0.0, 0.0, 0.0, 0.0, 1.0, 1.0, 1.0]
['thumb_02_geo_mover_l', 0.0, 0.0, 0.0, 0.0, 0.0, 0.0, 1.0, 1.0, 1.0]
['thumb_02_geo_mover_r', -0.0, -0.0, -0.0, 0.0, 0.0, 0.0, 1.0, 1.0, 1.0]
['thumb_03_geo_mover_l', 0.0, 0.0, 0.0, 0.0, 0.0, 0.0, 1.0, 1.0, 1.0]
['thumb_03_geo_mover_r', -0.0, -0.0, -0.0, 0.0, 0.0, 0.0, 1.0, 1.0, 1.0]
['upperarm_geo_mover_l', 0.0, 0.0, 0.0, 0.0, 0.0, 0.0, 1.0, 1.0, 1.0]
['upperarm_geo_mover_r', -0.0, -0.0, -0.0, 0.0, 0.0, 0.0, 1.0, 1.0, 1.0]
['ball_l_lra', 0.0, 0.0, 0.0, 0.0, 0.0, 0.0, 1.0, 1.0, 1.0]
['ball_r_lra', 0.0, 0.0, 0.0, 0.0, 0.0, 0.0, 1.0, 1.0, 1.0]
['bigtoe_distal_phalange_l_lra', 0.0, 0.0, 0.0, 0.0, 0.0, 0.0, 1.0, 1.0, 1.0]
['bigtoe_distal_phalange_r_lra', 0.0, 0.0, 0.0, 0.0, 0.0, 0.0, 1.0, 1.0, 1.0]
['bigtoe_metatarsal_l_lra', 0.0, 0.0, 0.0, 0.0, 0.0, 0.0, 1.0, 1.0, 1.0]
['bigtoe_metatarsal_r_lra', 0.0, 0.0, 0.0, 0.0, 0.0, 0.0, 1.0, 1.0, 1.0]
['bigtoe_proximal_phalange_l_lra', 0.0, 0.0, 0.0, 0.0, 0.0, 0.0, 1.0, 1.0, 1.0]
['bigtoe_proximal_phalange_r_lra', 0.0, 0.0, 0.0, 0.0, 0.0, 0.0, 1.0, 1.0, 1.0]
['calf_l_lra', 0.0, 0.0, 0.0, 0.0, 0.0, 0.0, 1.0, 1.0, 1.0]
['calf_r_lra', 0.0, 0.0, 0.0, 0.0, 0.0, 0.0, 1.0, 1.0, 1.0]
['clavicle_l_lra', 0.0, -1.8873791418627661e-15, 0.0, -1.987846675914698e-16, -0.0, 0.0, 1.0, 1.0, 1.0]
['clavicle_r_lra', 0.0, 0.0, 0.0, 0.0, 0.0, 0.0, 1.0, 1.0, 1.0]
['clothBack_l_01_lra', 0.0, 0.0, 0.0, 0.0, 0.0, 0.0, 1.0, 1.0, 1.0]
['clothBack_l_02_lra', 0.0, 0.0, 0.0, 0.0, 0.0, 0.0, 1.0, 1.0, 1.0]
['clothBack_l_03_lra', 0.0, 0.0, 0.0, 0.0, 0.0, 0.0, 1.0, 1.0, 1.0]
['clothBack_l_04_lra', 0.0, 0.0, 0.0, 0.0, 0.0, 0.0, 1.0, 1.0, 1.0]
['clothBack_l_05_lra', 0.0, 0.0, 0.0, 0.0, 0.0, 0.0, 1.0, 1.0, 1.0]
['clothBack_l_06_lra', 0.0, 0.0, 0.0, 0.0, 0.0, 0.0, 1.0, 1.0, 1.0]
['clothBack_l_07_lra', 0.0, 0.0, 0.0, 0.0, 0.0, 0.0, 1.0, 1.0, 1.0]
['clothBack_l_08_lra', 0.0, 0.0, 0.0, 0.0, 0.0, 0.0, 1.0, 1.0, 1.0]
['clothBack_l_09_lra', 0.0, 0.0, 0.0, 0.0, 0.0, 0.0, 1.0, 1.0, 1.0]
['clothBack_r_01_lra', 0.0, 0.0, 0.0, 0.0, 0.0, 0.0, 1.0, 1.0, 1.0]
['clothBack_r_02_lra', 0.0, 0.0, 0.0, 0.0, 0.0, 0.0, 1.0, 1.0, 1.0]
['clothBack_r_03_lra', 0.0, 0.0, 0.0, 0.0, 0.0, 0.0, 1.0, 1.0, 1.0]
['clothBack_r_04_lra', 0.0, 0.0, 0.0, 0.0, 0.0, 0.0, 1.0, 1.0, 1.0]
['clothBack_r_05_lra', 0.0, 0.0, 0.0, 0.0, 0.0, 0.0, 1.0, 1.0, 1.0]
['clothBack_r_06_lra', 0.0, 0.0, 0.0, 0.0, 0.0, 0.0, 1.0, 1.0, 1.0]
['clothBack_r_07_lra', 0.0, 0.0, 0.0, 0.0, 0.0, 0.0, 1.0, 1.0, 1.0]
['clothBack_r_08_lra', 0.0, 0.0, 0.0, 0.0, 0.0, 0.0, 1.0, 1.0, 1.0]
['clothBack_r_09_lra', 0.0, 0.0, 0.0, 0.0, 0.0, 0.0, 1.0, 1.0, 1.0]
['clothFront_l_01_lra', 0.0, 0.0, 0.0, 0.0, 0.0, 0.0, 1.0, 1.0, 1.0]
['clothFront_l_02_lra', 0.0, 0.0, 0.0, 0.0, 0.0, 0.0, 1.0, 1.0, 1.0]
['clothFront_l_03_lra', 0.0, 0.0, 0.0, 0.0, 0.0, 0.0, 1.0, 1.0, 1.0]
['clothFront_l_04_lra', 0.0, 0.0, 0.0, 0.0, 0.0, 0.0, 1.0, 1.0, 1.0]
['clothFront_l_05_lra', 0.0, 0.0, 0.0, 0.0, 0.0, 0.0, 1.0, 1.0, 1.0]
['clothFront_l_06_lra', 0.0, 0.0, 0.0, 0.0, 0.0, 0.0, 1.0, 1.0, 1.0]
['clothFront_l_07_lra', 0.0, 0.0, 0.0, 0.0, 0.0, 0.0, 1.0, 1.0, 1.0]
['clothFront_l_08_lra', 0.0, 0.0, 0.0, 0.0, 0.0, 0.0, 1.0, 1.0, 1.0]
['clothFront_l_09_lra', 0.0, 0.0, 0.0, 0.0, 0.0, 0.0, 1.0, 1.0, 1.0]
['clothFront_r_01_lra', 0.0, 0.0, 0.0, 0.0, 0.0, 0.0, 1.0, 1.0, 1.0]
['clothFront_r_02_lra', 0.0, 0.0, 0.0, 0.0, 0.0, 0.0, 1.0, 1.0, 1.0]
['clothFront_r_03_lra', 0.0, 0.0, 0.0, 0.0, 0.0, 0.0, 1.0, 1.0, 1.0]
['clothFront_r_04_lra', 0.0, 0.0, 0.0, 0.0, 0.0, 0.0, 1.0, 1.0, 1.0]
['clothFront_r_05_lra', 0.0, 0.0, 0.0, 0.0, 0.0, 0.0, 1.0, 1.0, 1.0]
['clothFront_r_06_lra', 0.0, 0.0, 0.0, 0.0, 0.0, 0.0, 1.0, 1.0, 1.0]
['clothFront_r_07_lra', 0.0, 0.0, 0.0, 0.0, 0.0, 0.0, 1.0, 1.0, 1.0]
['clothFront_r_08_lra', 0.0, 0.0, 0.0, 0.0, 0.0, 0.0, 1.0, 1.0, 1.0]
['clothFront_r_09_lra', 0.0, 0.0, 0.0, 0.0, 0.0, 0.0, 1.0, 1.0, 1.0]
['foot_l_lra', 0.0, 0.0, 0.0, 0.0, 0.0, 0.0, 1.0, 1.0, 1.0]
['foot_r_lra', 0.0, 0.0, 0.0, 0.0, 0.0, 0.0, 1.0, 1.0, 1.0]
['hand_l_lra', 0.0, 0.0, 0.0, 0.0, 0.0, 0.0, 1.0, 1.0, 1.0]
['hand_r_lra', 0.0, 0.0, 0.0, 0.0, 0.0, 0.0, 1.0, 1.0, 1.0]
['head_lra', -5.6843418860808015e-14, 8.8817841970012523e-16, 0.0, -3.531125038440126e-31, -1.2722218725854073e-14, 0.0, 1.0000000000000002, 1.0000000000000002, 1.0]
['index_01_l_lra', 8.5265128291212022e-14, 2.8421709430404007e-14, -3.5527136788005009e-15, 1.9083328088781101e-14, -4.7708320221952752e-15, -3.1805546814635168e-15, 1.0, 1.0, 1.0000000000000002]
['index_01_r_lra', 0.0, 0.0, 0.0, 0.0, 0.0, 0.0, 1.0, 1.0, 1.0]
['index_02_l_lra', 5.6843418860808015e-14, 2.8421709430404007e-14, 0.0, 1.3517357396219947e-14, -6.361109362927032e-15, 9.5416640443905471e-15, 1.0000000000000002, 1.0, 1.0000000000000002]
['index_02_r_lra', 0.0, 0.0, 0.0, 0.0, 0.0, 0.0, 1.0, 1.0, 1.0]
['index_03_l_lra', 2.8421709430404007e-14, 0.0, 3.5527136788005009e-15, 1.1927080055488182e-15, 7.9513867036587888e-15, -3.1805546814635152e-15, 1.0000000000000004, 1.0000000000000004, 1.0000000000000004]
['index_03_r_lra', 0.0, 0.0, 0.0, 0.0, 0.0, 0.0, 1.0, 1.0, 1.0]
['index_distal_phalange_l_lra', 0.0, 0.0, 0.0, 0.0, 0.0, 0.0, 1.0, 1.0, 1.0]
['index_distal_phalange_r_lra', 0.0, 0.0, 0.0, 0.0, 0.0, 0.0, 1.0, 1.0, 1.0]
['index_metacarpal_l_lra', 0.0, 0.0, 0.0, 0.0, 0.0, 0.0, 1.0, 1.0, 1.0]
['index_metacarpal_r_lra', 2.8421709430404007e-14, -2.8421709430404007e-14, 3.1086244689504383e-15, -2.9022561468354581e-14, 7.1562480332929104e-15, 3.1805546814635152e-15, 1.0000000000000004, 1.0000000000000004, 1.0000000000000004]
['index_metatarsal_l_lra', 0.0, 0.0, 0.0, 0.0, 0.0, 0.0, 1.0, 1.0, 1.0]
['index_metatarsal_r_lra', 0.0, 0.0, 0.0, 0.0, 0.0, 0.0, 1.0, 1.0, 1.0]
['index_middle_phalange_l_lra', 0.0, 0.0, 0.0, 0.0, 0.0, 0.0, 1.0, 1.0, 1.0]
['index_middle_phalange_r_lra', 0.0, 0.0, 0.0, 0.0, 0.0, 0.0, 1.0, 1.0, 1.0]
['index_proximal_phalange_l_lra', 0.0, 0.0, 0.0, 0.0, 0.0, 0.0, 1.0, 1.0, 1.0]
['index_proximal_phalange_r_lra', 0.0, 0.0, 0.0, 0.0, 0.0, 0.0, 1.0, 1.0, 1.0]
['kneepad_l_lra', 0.0, 0.0, 0.0, 0.0, 0.0, 0.0, 1.0, 1.0, 1.0]
['kneepad_r_lra', 0.0, 0.0, 0.0, 0.0, 0.0, 0.0, 1.0, 1.0, 1.0]
['knife_lra', 0.0, 0.0, 0.0, 0.0, 0.0, 0.0, 1.0, 1.0, 1.0]
['knife_sheath_lra', 0.0, 0.0, 0.0, 0.0, 0.0, 0.0, 1.0, 1.0, 1.0]
['lowerarm_l_lra', 2.8421709430404007e-14, 7.1054273576010019e-15, -2.8421709430404007e-14, -1.1927080055488188e-15, -3.1805546814635168e-15, 1.5902773407317584e-15, 1.0, 1.0, 0.99999999999999989]
['lowerarm_r_lra', 0.0, 0.0, 0.0, 0.0, 0.0, 0.0, 1.0, 1.0, 1.0]
['middle_01_l_lra', 0.0, 0.0, 0.0, 0.0, 0.0, 0.0, 1.0, 1.0, 1.0]
['middle_01_r_lra', 0.0, 0.0, 0.0, 0.0, 0.0, 0.0, 1.0, 1.0, 1.0]
['middle_02_l_lra', 0.0, 0.0, 0.0, 0.0, 0.0, 0.0, 1.0, 1.0, 1.0]
['middle_02_r_lra', 0.0, 0.0, 0.0, 0.0, 0.0, 0.0, 1.0, 1.0, 1.0]
['middle_03_l_lra', 1.4210854715202004e-13, 2.8421709430404007e-14, 0.0, -7.3550327008843819e-15, -9.9392333795734934e-15, 0.0, 0.99999999999999978, 1.0, 1.0]
['middle_03_r_lra', 0.0, 0.0, 0.0, 0.0, 0.0, 0.0, 1.0, 1.0, 1.0]
['middle_distal_phalange_l_lra', 0.0, 0.0, 0.0, 0.0, 0.0, 0.0, 1.0, 1.0, 1.0]
['middle_distal_phalange_r_lra', 0.0, 0.0, 0.0, 0.0, 0.0, 0.0, 1.0, 1.0, 1.0]
['middle_metacarpal_l_lra', 0.0, 0.0, 0.0, 0.0, 0.0, 0.0, 1.0, 1.0, 1.0]
['middle_metacarpal_r_lra', 0.0, 0.0, 0.0, 0.0, 0.0, 0.0, 1.0, 1.0, 1.0]
['middle_metatarsal_l_lra', 0.0, 0.0, 0.0, 0.0, 0.0, 0.0, 1.0, 1.0, 1.0]
['middle_metatarsal_r_lra', 0.0, 0.0, 0.0, 0.0, 0.0, 0.0, 1.0, 1.0, 1.0]
['middle_middle_phalange_l_lra', 0.0, 0.0, 0.0, 0.0, 0.0, 0.0, 1.0, 1.0, 1.0]
['middle_middle_phalange_r_lra', 0.0, 0.0, 0.0, 0.0, 0.0, 0.0, 1.0, 1.0, 1.0]
['middle_proximal_phalange_l_lra', 0.0, 0.0, 0.0, 0.0, 0.0, 0.0, 1.0, 1.0, 1.0]
['middle_proximal_phalange_r_lra', 0.0, 0.0, 0.0, 0.0, 0.0, 0.0, 1.0, 1.0, 1.0]
['neck_01_lra', 0.0, 0.0, 0.0, 0.0, 0.0, 0.0, 1.0, 1.0, 1.0]
['packA_l_lra', 0.0, 0.0, 0.0, 0.0, 0.0, 0.0, 1.0, 1.0, 1.0]
['packA_r_lra', 0.0, 0.0, 0.0, 0.0, 0.0, 0.0, 1.0, 1.0, 1.0]
['packB_l_lra', 0.0, 0.0, 0.0, 0.0, 0.0, 0.0, 1.0, 1.0, 1.0]
['packB_r_lra', 0.0, 0.0, 0.0, 0.0, 0.0, 0.0, 1.0, 1.0, 1.0]
['pelvis_lra', 0.0, 0.0, 0.0, 0.0, 0.0, 0.0, 1.0, 1.0, 1.0]
['pinky_01_l_lra', 0.0, 0.0, 0.0, -1.1927080055488186e-14, 3.1805546814635168e-15, -6.3611093629270335e-15, 1.0, 1.0000000000000002, 1.0000000000000002]
['pinky_01_r_lra', 0.0, 0.0, 0.0, 0.0, 0.0, 0.0, 1.0, 1.0, 1.0]
['pinky_02_l_lra', 0.0, 0.0, 0.0, 0.0, 0.0, 0.0, 1.0, 1.0, 1.0]
['pinky_02_r_lra', 0.0, 0.0, 0.0, 0.0, 0.0, 0.0, 1.0, 1.0, 1.0]
['pinky_03_l_lra', 0.0, 0.0, 0.0, 0.0, 0.0, 0.0, 1.0, 1.0, 1.0]
['pinky_03_r_lra', 0.0, 0.0, 0.0, 0.0, 0.0, 0.0, 1.0, 1.0, 1.0]
['pinky_distal_phalange_l_lra', 0.0, 0.0, 0.0, 0.0, 0.0, 0.0, 1.0, 1.0, 1.0]
['pinky_distal_phalange_r_lra', 0.0, 0.0, 0.0, 0.0, 0.0, 0.0, 1.0, 1.0, 1.0]
['pinky_metacarpal_l_lra', 0.0, 0.0, 0.0, 0.0, 0.0, 0.0, 1.0, 1.0, 1.0]
['pinky_metacarpal_r_lra', 0.0, 0.0, 0.0, 0.0, 0.0, 0.0, 1.0, 1.0, 1.0]
['pinky_metatarsal_l_lra', 0.0, 0.0, 0.0, 0.0, 0.0, 0.0, 1.0, 1.0, 1.0]
['pinky_metatarsal_r_lra', 0.0, 0.0, 0.0, 0.0, 0.0, 0.0, 1.0, 1.0, 1.0]
['pinky_middle_phalange_l_lra', 0.0, 0.0, 0.0, 0.0, 0.0, 0.0, 1.0, 1.0, 1.0]
['pinky_middle_phalange_r_lra', 0.0, 0.0, 0.0, 0.0, 0.0, 0.0, 1.0, 1.0, 1.0]
['pinky_proximal_phalange_l_lra', 0.0, 0.0, 0.0, 0.0, 0.0, 0.0, 1.0, 1.0, 1.0]
['pinky_proximal_phalange_r_lra', 0.0, 0.0, 0.0, 0.0, 0.0, 0.0, 1.0, 1.0, 1.0]
['ring_01_l_lra', 5.6843418860808015e-14, 0.0, -3.5527136788005009e-15, -5.9635400277440935e-15, 9.1440947092076103e-15, -9.5416640443905503e-15, 1.0, 1.0, 1.0]
['ring_01_r_lra', 0.0, 0.0, 0.0, 0.0, 0.0, 0.0, 1.0, 1.0, 1.0]
['ring_02_l_lra', 0.0, 0.0, 0.0, 0.0, 0.0, 0.0, 1.0, 1.0, 1.0]
['ring_02_r_lra', 0.0, 0.0, 0.0, 0.0, 0.0, 0.0, 1.0, 1.0, 1.0]
['ring_03_l_lra', 0.0, 0.0, 0.0, 0.0, 0.0, 0.0, 1.0, 1.0, 1.0]
['ring_03_r_lra', 0.0, 0.0, 0.0, 0.0, 0.0, 0.0, 1.0, 1.0, 1.0]
['ring_distal_phalange_l_lra', 0.0, 0.0, 0.0, 0.0, 0.0, 0.0, 1.0, 1.0, 1.0]
['ring_distal_phalange_r_lra', 0.0, 0.0, 0.0, 0.0, 0.0, 0.0, 1.0, 1.0, 1.0]
['ring_metacarpal_l_lra', 0.0, 0.0, 0.0, 0.0, 0.0, 0.0, 1.0, 1.0, 1.0]
['ring_metacarpal_r_lra', 0.0, 0.0, 0.0, 0.0, 0.0, 0.0, 1.0, 1.0, 1.0]
['ring_metatarsal_l_lra', 0.0, 0.0, 0.0, 0.0, 0.0, 0.0, 1.0, 1.0, 1.0]
['ring_metatarsal_r_lra', 0.0, 0.0, 0.0, 0.0, 0.0, 0.0, 1.0, 1.0, 1.0]
['ring_middle_phalange_l_lra', 0.0, 0.0, 0.0, 0.0, 0.0, 0.0, 1.0, 1.0, 1.0]
['ring_middle_phalange_r_lra', 0.0, 0.0, 0.0, 0.0, 0.0, 0.0, 1.0, 1.0, 1.0]
['ring_proximal_phalange_l_lra', 0.0, 0.0, 0.0, 0.0, 0.0, 0.0, 1.0, 1.0, 1.0]
['ring_proximal_phalange_r_lra', 0.0, 0.0, 0.0, 0.0, 0.0, 0.0, 1.0, 1.0, 1.0]
['root_lra', 0.0, 0.0, 0.0, 0.0, 0.0, 0.0, 1.0, 1.0, 1.0]
['shoulderpadBase_l_lra', 0.0, 0.0, 0.0, 0.0, 0.0, 0.0, 1.0, 1.0, 1.0]
['shoulderpadBase_r_lra', 0.0, 0.0, 0.0, 0.0, 0.0, 0.0, 1.0, 1.0, 1.0]
['shoulderpadFlap_l_lra', 0.0, 0.0, 0.0, 0.0, 0.0, 0.0, 1.0, 1.0, 1.0]
['shoulderpadFlap_r_lra', 0.0, 0.0, 0.0, 0.0, 0.0, 0.0, 1.0, 1.0, 1.0]
['spine_01_lra', 0.0, 0.0, 0.0, 0.0, 0.0, 0.0, 1.0, 1.0, 1.0]
['spine_02_lra', 0.0, 0.0, 0.0, 0.0, 0.0, 0.0, 1.0, 1.0, 1.0]
['spine_03_lra', 0.0, 0.0, 0.0, 0.0, 0.0, 0.0, 1.0, 1.0, 1.0]
['thigh_l_lra', 0.0, 0.0, 0.0, 0.0, 0.0, 0.0, 1.0, 1.0, 1.0]
['thigh_r_lra', 0.0, 0.0, 0.0, 0.0, 0.0, 0.0, 1.0, 1.0, 1.0]
['thumb_01_l_lra', 0.0, -2.8421709430404007e-14, 7.1054273576010019e-15, 1.590277340731758e-15, 1.5902773407317576e-15, -1.5902773407317578e-14, 1.0000000000000004, 1.0000000000000002, 1.0000000000000007]
['thumb_01_r_lra', 0.0, 0.0, 0.0, 0.0, 0.0, 0.0, 1.0, 1.0, 1.0]
['thumb_02_l_lra', -2.8421709430404007e-14, -2.8421709430404007e-14, 7.1054273576010019e-15, -1.7493050748049341e-14, 1.5902773407317584e-15, -3.1805546814635168e-15, 1.0, 1.0, 1.0]
['thumb_02_r_lra', 0.0, 0.0, 0.0, 0.0, 0.0, 0.0, 1.0, 1.0, 1.0]
['thumb_03_l_lra', 2.8421709430404007e-14, 0.0, 7.1054273576010019e-15, -3.180554681463516e-15, 1.1131941385122302e-14, 6.3611093629270304e-15, 1.0000000000000004, 1.0000000000000002, 1.0000000000000004]
['thumb_03_r_lra', 0.0, 0.0, 0.0, 0.0, 0.0, 0.0, 1.0, 1.0, 1.0]
['upperarm_l_lra', 0.0, 0.0, 0.0, 0.0, 0.0, 0.0, 1.0, 1.0, 1.0]
['upperarm_r_lra', 0.0, 0.0, 0.0, 0.0, 0.0, 0.0, 1.0, 1.0, 1.0]
